C:\Users\User\OneDrive\桌面\P3繳交\Release\Model\armadillo.obj
Texture Image Start
C:\Users\User\OneDrive\桌面\P3繳交\Release\Images\King_Koopa\龜殼小.jpg
C:\Users\User\OneDrive\桌面\P3繳交\Release\Images\King_Koopa\眼睛.png
C:\Users\User\OneDrive\桌面\TsuGuMoMo\kiriha_體育.png
Texture Image End
Texture Image Index Record Start
0 0 0 0 0 0 1 2 1 1 1 1 2 2 2 2 2 2 2 2 2 1 1 1 1 1 1 2 2 2 2 1 1 1 1 2 2 2 2 2 2 2 2 0 0 0 0 0 0 0 0 0 1 1 1 1 1 1 1 1 1 1 1 1 2 2 2 2 2 2
Texture Image Index Record End
Texture Start
0 1 0 0
Face Id Start
1 13848 15483 17519 18367 26985 39171
Face Id End
0 1 0 0
Face Id Start
13848 15483 15985 16036 16513 17519 18367 39171
Face Id End
0 1 0 0
Face Id Start
11653 12329 12844 13270 13285 13311 13312 13333 13836 14253 14371 14390 14391 14914 14915 14923 22651 23115 26358 60731
Face Id End
0 1 0 0
Face Id Start
12846 13285 13831 14355 14741 14887 14914 14915 14923 14924 14925 15432 15453 16036 16531 16941 17025 22651 23115 23128 46322 60731
Face Id End
0 1 0 0
Face Id Start
11084 11519 11533 11534 11535 11537 11549 11550 11908 11934 12383 12385 12387 12388 12697 12849 12851 12861 12882 12929 13326 13330 13341 13804 13848 13976 14374 14375 14384 14389 14403 14911 14931 14933 15458 15480 15483 15947 15981 15982 16528 16532 17030 17035 17037 17038 17526 18367 19900 22781 22998 36251 57333
Face Id End
0 1 0 0
Face Id Start
1 2139 4226 6812 7080 7081 7373 7663 7664 7669 7673 7698 7700 8009 8029 8299 8325 8338 8339 8341 8361 8679 8682 8683 8692 8699 9041 9042 9418 9421 9432 9434 9443 9446 9773 9786 10150 10159 10540 10543 10544 10598 10603 11508 14509 14885 18463 37271 40031 53310 60027 67390
Face Id End
0 1 0 0
Face Id Start
1 3 6 7 8 9 11 12 13 15 18 19 20 29 32 34 35 36 37 38 40 41 42 45 47 49 54 57 75 2139 2198 3636 4226 7080 7275 7373 7663 7664 7669 7673 7690 7698 7700 8009 8029 8038 8041 8042 8299 8325 8338 8341 8360 8361 8679 8682 8683 8692 8699 9041 9042 9075 9078 9085 9418 9419 9443 9773 10145 10150 10159 10517 10540 10543 10544 10554 10555 10565 10584 10585 10598 10601 10603 10610 10611 10612 10613 10614 10621 10622 10624 10628 10631 10634 10643 10974 10986 10994 11001 11002 11012 11013 11030 11032 11048 11054 11056 11057 11059 11061 11064 11065 11066 11068 11075 11076 11414 11430 11438 11446 11455 11456 11472 11474 11505 11506 11508 11514 11526 12787 12788 14509 14885 16490 18463 37271 39958 40031 43729 50226 53310 60027 67390 69016
Face Id End
0 1 0 0
Face Id Start
1 3 4 6 7 8 9 11 12 13 15 17 18 19 20 22 24 26 29 32 33 34 35 36 37 38 40 41 42 43 45 46 47 48 49 50 51 52 54 55 56 57 60 65 68 69 70 75 77 79 80 82 87 88 89 90 92 93 96 99 103 105 106 109 110 111 113 117 122 124 125 127 128 131 134 136 137 138 139 140 141 149 157 158 159 160 164 168 169 170 171 172 174 175 178 183 191 213 216 223 256 274 278 286 320 332 334 335 336 337 339 348 365 403 433 2106 2122 2139 2198 2275 3084 3249 3636 3680 3792 4226 4511 5209 6163 6246 6254 6257 6501 6515 6528 6529 6530 6531 6532 6534 6535 6541 6568 6757 6777 6780 6783 6797 6806 6812 7029 7050 7053 7058 7059 7060 7070 7074 7080 7081 7275 7317 7343 7347 7348 7349 7354 7356 7359 7361 7363 7365 7373 7393 7397 7471 7546 7638 7650 7652 7656 7657 7663 7664 7669 7673 7675 7676 7679 7684 7686 7690 7695 7698 7700 7708 7709 7889 7958 7974 7984 7985 7996 7997 7998 7999 8004 8006 8009 8010 8011 8012 8013 8017 8021 8029 8032 8038 8040 8041 8042 8053 8057 8058 8066 8280 8299 8308 8310 8313 8314 8315 8318 8325 8338 8339 8341 8359 8360 8361 8379 8622 8642 8646 8655 8679 8682 8683 8690 8692 8694 8699 8715 8716 8734 9007 9041 9042 9050 9075 9078 9085 9088 9091 9092 9108 9418 9419 9421 9422 9423 9430 9432 9434 9443 9445 9446 9773 9780 9786 9847 9931 10094 10145 10150 10159 10160 10162 10180 10181 10183 10186 10188 10193 10205 10517 10539 10540 10543 10544 10554 10555 10564 10565 10568 10584 10585 10593 10598 10601 10603 10610 10611 10612 10613 10614 10621 10622 10624 10628 10631 10634 10637 10643 10974 10986 10994 11001 11002 11005 11012 11013 11020 11030 11032 11048 11054 11056 11057 11059 11061 11064 11065 11075 11076 11102 11193 11197 11215 11406 11414 11430 11438 11446 11455 11456 11460 11462 11472 11474 11477 11505 11506 11508 11514 11883 12330 12360 12787 12788 14258 14509 14822 14885 15730 16490 16714 16715 17095 18463 20386 21025 21878 30768 31498 32575 37271 39550 39958 40031 42558 43729 46717 48292 50226 51192 51849 53310 56694 57818 60027 60359 67075 67390 68181 69016 69017 69018
Face Id End
0 1 0 0
Face Id Start
1 3 4 6 7 8 9 11 12 13 15 17 18 19 20 22 24 26 29 32 33 34 35 36 37 38 40 41 42 43 45 46 47 48 49 50 51 52 54 55 56 57 60 65 68 69 70 75 77 79 80 82 87 88 89 90 92 93 96 99 103 105 106 109 110 111 113 117 122 124 125 127 128 131 134 136 137 138 139 140 141 149 157 158 159 160 164 168 169 170 171 172 174 175 178 183 191 213 216 221 223 224 225 239 256 274 277 278 281 286 287 306 317 320 322 323 332 334 335 336 337 339 342 343 345 348 350 351 353 354 357 359 365 378 396 403 405 406 414 417 433 474 477 483 534 537 540 542 545 552 600 658 677 1482 2106 2122 2139 2198 2275 2479 3084 3249 3636 3680 3792 3920 4226 4511 5138 5209 6163 6246 6254 6257 6501 6515 6528 6529 6530 6531 6532 6534 6535 6541 6568 6757 6777 6780 6783 6797 6806 6812 7029 7050 7053 7058 7059 7060 7070 7074 7080 7081 7275 7317 7343 7347 7348 7349 7354 7356 7359 7361 7363 7365 7373 7391 7393 7397 7403 7410 7471 7546 7638 7650 7652 7656 7657 7663 7664 7669 7673 7675 7676 7679 7684 7686 7690 7695 7698 7700 7708 7709 7729 7730 7889 7958 7974 7984 7985 7996 7997 7998 7999 8004 8006 8009 8010 8011 8012 8013 8017 8021 8029 8032 8038 8040 8041 8042 8043 8053 8057 8058 8066 8089 8280 8299 8308 8310 8313 8314 8315 8318 8325 8330 8338 8339 8341 8356 8357 8358 8359 8360 8361 8379 8397 8622 8642 8646 8655 8664 8679 8682 8683 8684 8690 8692 8694 8695 8699 8700 8715 8716 8721 8734 8742 8743 9007 9009 9022 9041 9042 9050 9075 9078 9085 9088 9091 9092 9108 9362 9365 9418 9419 9421 9422 9423 9424 9430 9432 9434 9443 9444 9445 9446 9773 9780 9786 9787 9847 9931 10094 10145 10150 10159 10160 10162 10180 10181 10183 10185 10186 10188 10193 10204 10205 10235 10517 10539 10540 10543 10544 10554 10555 10564 10565 10568 10584 10585 10593 10598 10601 10603 10610 10611 10612 10613 10614 10621 10622 10624 10628 10631 10634 10637 10643 10974 10986 10994 11001 11002 11005 11012 11013 11020 11024 11030 11032 11046 11048 11054 11056 11057 11059 11061 11063 11064 11065 11066 11068 11072 11074 11075 11076 11077 11091 11102 11193 11197 11215 11406 11414 11430 11438 11446 11455 11456 11460 11462 11472 11474 11477 11502 11505 11506 11508 11509 11514 11515 11519 11525 11526 11534 11539 11883 11924 11930 11955 12080 12330 12360 12363 12384 12787 12788 13135 13261 13283 13600 14258 14509 14822 14885 15730 16490 16714 16715 17095 18463 19898 20386 21025 21878 27052 28946 30589 30768 31498 32575 33377 37271 39550 39958 40031 42558 43729 46717 48292 50226 50611 51192 51849 53310 56694 57818 58470 60027 60359 67075 67390 68181 69016 69017 69018
Face Id End
0 1 0 0
Face Id Start
64 322 852 906 1121 1124 1160 1274 1570 1958 1960 2106 2122 2139 2198 2275 2446 2955 3084 3094 3636 3654 3659 3920 3994 4015 4016 4021 4137 4210 4212 4225 4226 4412 4413 4414 4433 4511 4612 4623 4628 4630 4632 4635 4636 4641 4642 4647 4663 4727 4837 4844 4859 4864 4866 4869 4877 4879 4882 4896 4904 4949 5068 5076 5078 5093 5094 5099 5106 5107 5109 5112 5113 5138 5209 5272 5282 5296 5300 5302 5303 5307 5309 5310 5311 5313 5314 5315 5318 5321 5322 5336 5338 5466 5492 5509 5510 5512 5513 5517 5524 5526 5527 5528 5531 5542 5543 5678 5738 5739 5747 5750 5752 5753 5754 5758 5763 5764 5766 5973 5976 5978 5979 5980 5988 5990 5996 6038 6115 6116 6163 6223 6226 6228 6229 6233 6235 6236 6246 6251 6254 6257 6280 6462 6493 6495 6498 6501 6502 6505 6508 6515 6517 6523 6528 6529 6530 6531 6532 6534 6535 6541 6568 6748 6757 6758 6760 6761 6762 6764 6765 6766 6767 6768 6770 6771 6780 6783 6797 6806 6810 6812 7029 7033 7034 7038 7040 7041 7044 7048 7050 7051 7053 7058 7059 7060 7070 7074 7080 7081 7092 7093 7275 7317 7328 7330 7333 7338 7343 7346 7347 7348 7349 7352 7354 7356 7359 7361 7363 7365 7373 7379 7385 7391 7392 7393 7396 7397 7402 7403 7410 7471 7525 7546 7609 7612 7615 7622 7623 7627 7636 7637 7638 7640 7650 7652 7656 7657 7663 7664 7669 7673 7675 7676 7678 7679 7684 7686 7690 7695 7698 7700 7707 7708 7709 7710 7715 7722 7726 7727 7729 7730 7833 7889 7920 7930 7931 7938 7939 7942 7945 7946 7949 7953 7954 7958 7959 7960 7965 7974 7984 7985 7991 7992 7994 7996 7997 7998 7999 8004 8006 8007 8008 8009 8010 8011 8012 8013 8017 8021 8027 8029 8032 8038 8040 8041 8042 8043 8045 8053 8057 8058 8062 8066 8089 8179 8200 8226 8277 8278 8280 8283 8287 8289 8290 8293 8294 8299 8308 8310 8313 8314 8315 8318 8324 8325 8330 8334 8335 8338 8339 8341 8342 8344 8350 8356 8357 8358 8359 8360 8361 8367 8379 8388 8392 8393 8396 8397 8603 8604 8607 8610 8611 8617 8620 8622 8627 8628 8632 8642 8646 8655 8661 8664 8673 8679 8682 8683 8684 8690 8692 8694 8695 8696 8699 8705 8715 8716 8721 8729 8731 8734 8738 8742 8743 8915 8955 8967 8970 8971 8973 8976 8979 8984 8987 8989 8993 8994 8997 9002 9006 9007 9009 9014 9022 9034 9041 9042 9050 9075 9078 9079 9080 9085 9088 9091 9092 9102 9104 9108 9205 9254 9302 9308 9309 9310 9311 9312 9329 9335 9336 9356 9359 9362 9365 9370 9388 9396 9405 9418 9419 9421 9422 9423 9424 9430 9432 9434 9443 9444 9445 9446 9636 9677 9684 9685 9688 9692 9693 9697 9706 9715 9734 9737 9771 9773 9780 9786 9787 9847 10032 10049 10063 10072 10087 10094 10105 10125 10128 10145 10150 10151 10159 10160 10162 10179 10180 10181 10183 10185 10186 10188 10193 10199 10204 10205 10235 10274 10383 10444 10468 10469 10472 10483 10495 10500 10508 10517 10530 10539 10540 10541 10543 10544 10554 10555 10564 10565 10568 10580 10584 10585 10588 10593 10598 10601 10603 10608 10610 10611 10612 10613 10614 10621 10622 10624 10628 10631 10634 10637 10643 10892 10921 10928 10932 10938 10943 10950 10957 10964 10970 10974 10986 10989 10994 11001 11002 11005 11012 11013 11020 11024 11030 11032 11046 11048 11054 11056 11057 11059 11061 11063 11064 11065 11066 11068 11072 11074 11075 11076 11077 11083 11084 11091 11102 11137 11193 11197 11215 11307 11322 11363 11385 11394 11406 11414 11430 11438 11446 11455 11456 11460 11462 11463 11472 11474 11477 11489 11502 11505 11506 11508 11509 11514 11515 11519 11525 11526 11533 11534 11535 11537 11539 11549 11551 11643 11795 11799 11811 11869 11883 11890 11898 11900 11908 11912 11913 11922 11924 11930 11955 12071 12080 12118 12330 12336 12360 12363 12372 12384 12787 12788 12810 12817 13135 13247 13261 13283 13344 13392 13600 13784 14042 14509 14556 14648 14822 14885 14998 16490 17050 17095 17801 18055 18463 19898 21025 23767 26984 27052 27619 30589 32575 33377 37271 38355 39550 39914 39958 40031 40208 43729 43956 48292 50208 50226 50290 51192 51849 53310 56694 57818 58470 60027 60359 60554 63751 65911 67390 68181 68569
Face Id End
0 1 0 0
Face Id Start
1 3 4 6 7 8 9 11 12 13 15 17 18 19 20 22 24 26 29 32 33 34 35 36 37 38 40 41 42 43 45 46 47 48 49 50 51 52 54 55 56 57 60 65 68 69 70 75 77 79 80 82 87 88 89 90 92 93 96 99 103 105 106 109 110 111 113 117 122 124 125 127 128 131 134 136 137 138 139 140 141 149 157 158 159 160 164 168 169 170 171 172 174 175 178 183 191 213 216 223 256 274 278 286 320 332 334 335 336 337 339 348 365 403 433 1414 1978 2242 2292 2446 2543 3249 3680 3792 4185 4332 4373 4378 4385 4390 4411 4607 4685 4851 4949 5054 5082 5090 5147 5267 5273 5282 5285 5291 5292 5293 5336 5474 5678 5705 5716 5717 5718 5721 5729 5731 5732 5746 5747 5850 5876 5967 5973 5978 5979 5995 6096 6188 6200 6207 6211 6218 6223 6226 6228 6233 6236 6429 6493 6495 6496 6624 6712 6713 6721 6727 6741 6742 6744 6760 6761 6762 6765 6766 6768 6777 7002 7007 7014 7020 7033 7038 7040 7041 7306 7310 7330 7333 7583 7588 7589 7592 7609 7622 7627 7640 7704 7712 7925 7930 7931 7934 7945 7949 7953 7954 7959 7991 7994 8003 8027 8252 8277 8283 8284 8287 8293 8294 8335 8344 8369 8573 8575 8577 8584 8585 8591 8598 8603 8610 8616 8617 8620 8627 8628 8632 8638 8644 8661 8701 8915 8921 8945 8947 8950 8953 8967 8972 8973 8987 8993 8994 8997 9001 9002 9006 9014 9018 9019 9031 9035 9040 9051 9074 9081 9100 9113 9122 9282 9286 9297 9305 9306 9309 9311 9312 9335 9336 9358 9359 9368 9420 9503 9586 9647 9654 9660 9665 9669 9684 9685 9689 9693 9698 9764 9776 9830 9931 10027 10040 10046 10059 10065 10095 10103 10121 10170 10178 10189 10229 10408 10414 10426 10429 10441 10449 10453 10461 10508 10524 10525 10534 10551 10563 10600 10741 10747 10849 10880 10882 10883 10884 10887 10889 10890 10897 10902 10903 10918 11009 11029 11049 11050 11137 11295 11322 11336 11337 11340 11346 11352 11369 11373 11383 11428 11452 11454 11461 11532 11643 11674 11746 11747 11772 11775 11791 11794 11814 11839 11852 11855 11878 12071 12213 12216 12232 12235 12239 12272 12296 12298 12326 12376 12495 12583 12683 12698 12699 12712 12714 12721 12725 12731 12732 12733 12735 12755 12757 12789 12791 12797 12798 12804 12817 13133 13134 13136 13149 13165 13179 13189 13190 13194 13243 13268 13280 13299 13313 13381 13489 13490 13623 13626 13634 13638 13643 13657 13666 13672 13675 13678 13720 13736 13749 13750 13771 13777 13803 13804 14078 14115 14156 14159 14243 14258 14267 14302 14323 14728 14737 14785 14796 14813 14836 14838 14849 14850 14852 15136 15172 15243 15245 15311 15314 15344 15363 15366 15374 15479 15587 15730 15748 15753 15837 15853 15898 16020 16073 16093 16146 16307 16337 16349 16365 16366 16397 16424 16455 16575 16671 16701 16714 16715 16787 16866 16890 16891 16965 16976 17180 17218 17374 17391 17423 17424 17428 17440 17463 17466 17474 17615 17856 17858 17915 17920 17929 17950 18194 18409 18428 18431 18460 18461 18469 18491 18874 18892 18938 18954 18978 19002 19448 19796 19931 20023 20060 20093 20117 20122 20142 20149 20386 20618 20652 20655 20678 21206 21348 21420 21719 21728 21878 22219 23444 23651 23879 24861 25467 25923 26164 29734 30768 30787 30793 31498 36016 36433 37289 40197 42558 46717 46954 47691 50811 52724 60351 61603 63751 65660 67075 68549 68569 69016 69017 69018
Face Id End
0 1 0 0
Face Id Start
64 1570 5272 6038 6758 6764 6810 7974 7985 7996 7997 7998 7999 8004 8012 8013 8043 8280 8289 8308 8310 8314 8318 8330 8356 8357 8358 8405 8622 8664 8673 8684 8690 8694 8695 8696 8705 8721 8729 8743 8955 8976 8979 8984 8989 9007 9009 9022 9034 9050 9205 9308 9310 9329 9356 9362 9365 9388 9396 9405 9424 9636 9677 9692 9697 9706 9715 9734 9737 9771 10032 10063 10072 10087 10105 10125 10128 10151 10274 10469 10472 10483 10495 10530 10541 10580 10921 10928 10932 10938 10943 10950 10957 10964 10970 11193 11385 11394 11406 11539 11785 11795 11799 11818 11819 11828 11841 11846 11853 12080 12255 12259 12269 12299 12301 12751 12756 12763 12769 12786 13244 13247 13253 13392 13738 13747 14274 14277 14281 14287 14648 15736 17050 50290 64839
Face Id End
0 1 0 0
Face Id Start
1274 1978 2446 2955 3920 4137 4332 4685 5138 5282 5336 5338 5678 6624 6770 7020 7359 7365 7379 7385 7391 7392 7393 7396 7402 7403 7410 7636 7637 7650 7652 7675 7678 7679 7684 7704 7707 7709 7710 7715 7722 7726 7727 7729 7730 7833 7889 7938 7953 7959 7960 7991 7994 8007 8008 8017 8027 8045 8054 8057 8062 8066 8089 8200 8290 8294 8324 8334 8335 8342 8344 8350 8367 8369 8380 8388 8392 8393 8396 8397 8620 8627 8628 8632 8638 8644 8661 8701 8731 8738 8742 8987 8993 8994 8997 9001 9002 9006 9014 9018 9019 9031 9035 9040 9051 9079 9080 9081 9102 9104 9113 9254 9309 9311 9312 9336 9358 9359 9368 9503 9684 9685 9689 9693 9698 9764 9772 9774 9776 9830 10059 10065 10095 10103 10121 10170 10178 10179 10189 10191 10229 10235 10461 10500 10508 10524 10525 10534 10551 10563 10600 10608 10741 10902 10903 10918 10989 11009 11049 11083 11307 11373 11428 11443 11452 11454 11469 11643 11674 11791 11794 11814 11839 11852 11855 11878 12071 12213 12272 12296 12298 12326 12376 12495 12583 12731 12735 12789 12791 12797 12798 13243 14042 14852 15172 16787 20149 21348 25467 25923 32575 36016 37289 39914 40197 50811
Face Id End
0 1 0 0
Face Id Start
1 2139 6812 7080 7275 7373 7698 7700 8009 8029 8361 9085 9418 10517 10554 10986 11414 11455 14885 43729 50226 51849 67390 68181
Face Id End
0 1 0 0
Face Id Start
2122 2139 4226 4511 6246 6254 6257 6501 6515 6528 6529 6530 6531 6532 6534 6535 6541 6568 6783 6797 6806 6812 7029 7050 7058 7070 7074 7080 7081 7317 7348 7349 7356 7361 7363 7373 7546 7656 7657 7663 7664 7669 7673 7686 7690 7695 7698 7700 7708 7984 8009 8021 8029 8032 8038 8040 8041 8042 8299 8315 8325 8341 8360 8361 8646 8679 8682 9041 9075 9078 9085 9418 9419 9443 10539 11215 11508 12330 14885 18463 21025 37271 43729 50226 51849 57818 60359 67390 68181
Face Id End
0 1 0 0
Face Id Start
64 1274 2106 2122 2139 2198 2275 2955 3084 3094 3636 3920 4226 4511 5138 5209 5272 5315 5318 5466 5543 5754 5758 5763 5764 5766 5988 5996 6038 6163 6246 6251 6254 6257 6280 6498 6501 6502 6508 6515 6517 6523 6528 6529 6530 6531 6532 6534 6535 6541 6568 6748 6757 6758 6764 6771 6780 6783 6797 6806 6812 7029 7041 7048 7050 7051 7053 7058 7059 7060 7070 7074 7080 7081 7275 7317 7330 7333 7343 7347 7348 7349 7352 7354 7356 7359 7361 7363 7365 7373 7379 7385 7391 7392 7393 7397 7403 7410 7471 7546 7636 7637 7638 7650 7652 7656 7657 7663 7664 7669 7673 7675 7676 7679 7684 7686 7690 7695 7698 7700 7708 7709 7729 7730 7889 7938 7946 7958 7965 7974 7984 7985 7992 7996 7997 7998 7999 8004 8006 8009 8010 8011 8012 8013 8017 8021 8029 8032 8038 8040 8041 8042 8043 8053 8057 8058 8066 8089 8280 8289 8299 8308 8310 8313 8314 8315 8318 8324 8325 8330 8338 8339 8341 8356 8357 8358 8359 8360 8361 8379 8397 8622 8642 8646 8655 8664 8679 8682 8683 8684 8690 8692 8694 8695 8699 8715 8716 8721 8734 8742 8743 8955 8976 8989 9007 9009 9022 9034 9041 9042 9050 9075 9078 9085 9088 9091 9092 9108 9302 9356 9362 9365 9418 9419 9421 9422 9423 9424 9430 9432 9434 9443 9444 9445 9446 9697 9706 9715 9773 9780 9786 9787 9847 10032 10094 10145 10150 10159 10160 10162 10180 10181 10183 10186 10188 10193 10204 10205 10235 10500 10517 10539 10540 10543 10544 10554 10555 10564 10565 10568 10584 10585 10593 10598 10601 10603 10610 10611 10612 10613 10614 10621 10622 10624 10628 10631 10634 10637 10643 10974 10986 10994 11001 11002 11005 11012 11013 11020 11024 11030 11032 11046 11048 11054 11056 11057 11059 11061 11064 11065 11075 11076 11102 11193 11197 11215 11406 11414 11430 11438 11446 11455 11456 11460 11462 11472 11474 11477 11505 11506 11508 11514 11539 11883 12080 12330 12360 12787 12788 14509 14556 14822 14885 16490 17095 18463 21025 32575 37271 39550 39914 39958 40031 43729 48292 50226 51192 51849 53310 56694 57818 60027 60359 60554 67390 68181
Face Id End
0 1 0 0
Face Id Start
64 1274 2106 2122 2139 2198 2275 2955 3084 3094 3636 3920 4226 4511 5138 5315 5318 5336 5466 5543 5754 5758 5763 5764 5766 5988 5996 6163 6246 6251 6254 6257 6280 6498 6501 6502 6508 6515 6517 6523 6528 6529 6530 6531 6532 6534 6535 6541 6568 6748 6757 6771 6780 6783 6797 6806 6812 7029 7041 7048 7050 7051 7053 7058 7059 7060 7070 7074 7080 7081 7275 7317 7330 7333 7343 7347 7348 7349 7352 7354 7356 7359 7361 7363 7365 7373 7379 7385 7391 7392 7393 7396 7397 7402 7403 7410 7546 7636 7637 7638 7650 7652 7656 7657 7663 7664 7669 7673 7675 7676 7678 7679 7684 7686 7690 7695 7698 7700 7708 7709 7722 7726 7729 7730 7889 7938 7946 7953 7954 7958 7959 7960 7965 7974 7984 7985 7991 7992 7994 7996 7997 7998 7999 8004 8006 8007 8008 8009 8010 8011 8012 8013 8017 8021 8029 8032 8038 8040 8041 8042 8053 8057 8058 8066 8089 8200 8280 8289 8294 8299 8308 8310 8313 8314 8315 8318 8324 8325 8334 8338 8339 8341 8356 8357 8358 8359 8360 8361 8367 8379 8392 8393 8396 8397 8620 8622 8642 8646 8655 8679 8682 8683 8692 8694 8699 8715 8716 8731 8734 8738 8742 8976 8989 9007 9009 9022 9041 9042 9050 9075 9078 9085 9088 9091 9092 9104 9108 9254 9302 9362 9365 9418 9419 9421 9422 9423 9430 9432 9434 9443 9444 9445 9446 9773 9786 9787 9847 10032 10145 10150 10159 10160 10162 10180 10181 10188 10193 10204 10205 10235 10500 10517 10539 10540 10543 10544 10554 10555 10564 10565 10568 10584 10585 10593 10598 10601 10603 10610 10611 10612 10613 10614 10621 10622 10624 10628 10634 10637 10974 10986 10994 11001 11002 11012 11013 11020 11024 11030 11032 11046 11048 11054 11059 11061 11076 11083 11102 11193 11197 11215 11307 11406 11414 11430 11438 11446 11455 11456 11460 11462 11472 11474 11477 11508 11514 11539 11643 12330 14042 14509 14556 14822 14885 16490 17095 18463 21025 32575 37271 39550 39914 39958 40031 43729 48292 50226 51192 51849 53310 56694 57818 60027 60359 60554 67390 68181
Face Id End
0 1 0 0
Face Id Start
322 2106 2122 2139 2198 2275 2482 3084 3636 3920 4226 4511 4663 5138 5209 6163 6246 6254 6257 6439 6501 6515 6528 6529 6530 6531 6532 6534 6535 6541 6568 6757 6780 6783 6797 6806 6812 7029 7050 7053 7058 7059 7060 7070 7074 7080 7081 7275 7317 7343 7347 7348 7349 7354 7356 7359 7361 7363 7365 7373 7391 7393 7397 7403 7410 7471 7546 7638 7650 7652 7656 7657 7663 7664 7669 7673 7675 7676 7679 7684 7686 7690 7695 7698 7700 7708 7709 7729 7730 7889 7920 7958 7974 7984 7985 7996 7997 7998 7999 8004 8006 8009 8010 8011 8012 8013 8017 8021 8029 8032 8038 8040 8041 8042 8043 8053 8057 8058 8066 8089 8280 8299 8308 8310 8313 8314 8315 8318 8325 8330 8338 8339 8341 8356 8357 8358 8359 8360 8361 8379 8392 8397 8622 8642 8646 8655 8664 8679 8682 8683 8684 8690 8692 8694 8695 8699 8715 8716 8721 8734 8738 8742 8743 9007 9009 9022 9041 9042 9050 9075 9078 9085 9088 9091 9092 9102 9108 9362 9365 9418 9419 9421 9422 9423 9424 9430 9432 9434 9443 9444 9445 9446 9773 9780 9786 9787 9847 10094 10145 10150 10159 10160 10162 10179 10180 10181 10183 10185 10186 10188 10193 10199 10204 10205 10235 10517 10539 10540 10543 10544 10554 10555 10564 10565 10568 10584 10585 10593 10598 10601 10603 10610 10611 10612 10613 10614 10621 10622 10624 10628 10631 10634 10637 10643 10974 10986 10989 10994 11001 11002 11005 11012 11013 11020 11024 11030 11032 11046 11048 11054 11056 11057 11059 11061 11063 11064 11065 11066 11068 11072 11074 11075 11076 11077 11080 11084 11091 11102 11193 11197 11215 11406 11414 11430 11438 11446 11455 11456 11460 11462 11463 11472 11474 11477 11489 11502 11505 11506 11508 11509 11514 11515 11519 11525 11526 11528 11531 11533 11534 11535 11536 11537 11539 11549 11550 11551 11555 11653 11869 11881 11883 11890 11898 11900 11908 11913 11922 11924 11925 11926 11930 11934 11935 11937 11938 11939 11940 11952 11955 12080 12329 12330 12336 12360 12363 12364 12372 12374 12383 12384 12385 12387 12388 12395 12399 12408 12557 12697 12787 12788 12831 12836 12839 12841 12843 12844 12851 12853 12857 12861 12866 12868 12882 12886 12891 12929 13135 13261 13283 13295 13297 13301 13304 13307 13311 13312 13315 13326 13330 13333 13600 13784 13797 13802 13820 14090 14316 14318 14322 14333 14340 14347 14375 14509 14707 14822 14837 14853 14864 14876 14881 14885 15835 15896 16490 16923 17095 18055 18463 19898 21025 25257 27052 28471 28472 30589 32575 33377 36520 36974 37271 39550 39958 40031 43729 43956 48292 50226 50483 51192 51849 53310 56694 57818 58470 60027 60359 67390 68181
Face Id End
0 1 0 0
Face Id Start
64 322 1274 2106 2122 2139 2198 2275 2482 2955 3084 3094 3636 3920 4226 4511 4663 4837 5094 5109 5138 5209 5272 5309 5310 5311 5313 5314 5315 5318 5321 5322 5336 5466 5492 5510 5517 5524 5526 5527 5542 5543 5752 5753 5754 5758 5763 5764 5766 5979 5980 5988 5990 5996 6038 6163 6229 6235 6246 6251 6254 6257 6280 6439 6498 6501 6502 6505 6508 6515 6517 6523 6528 6529 6530 6531 6532 6534 6535 6541 6568 6748 6757 6758 6764 6766 6767 6770 6771 6780 6783 6797 6806 6812 7029 7034 7040 7041 7048 7050 7051 7053 7058 7059 7060 7070 7074 7080 7081 7275 7317 7330 7333 7338 7343 7347 7348 7349 7352 7354 7356 7359 7361 7363 7365 7373 7379 7385 7391 7392 7393 7396 7397 7402 7403 7410 7471 7546 7627 7636 7637 7638 7650 7652 7656 7657 7663 7664 7669 7673 7675 7676 7678 7679 7684 7686 7690 7695 7698 7700 7708 7709 7715 7722 7726 7727 7729 7730 7833 7889 7920 7938 7942 7946 7949 7953 7954 7958 7959 7960 7965 7974 7984 7985 7991 7992 7994 7996 7997 7998 7999 8004 8006 8007 8008 8009 8010 8011 8012 8013 8017 8021 8029 8032 8038 8040 8041 8042 8043 8045 8053 8057 8058 8062 8066 8089 8200 8280 8289 8290 8294 8299 8308 8310 8313 8314 8315 8318 8324 8325 8330 8334 8338 8339 8341 8342 8356 8357 8358 8359 8360 8361 8367 8379 8388 8392 8393 8396 8397 8611 8620 8622 8642 8646 8655 8664 8673 8679 8682 8683 8684 8690 8692 8694 8695 8696 8699 8705 8715 8716 8721 8729 8731 8734 8738 8742 8743 8955 8976 8979 8984 8989 9007 9009 9022 9034 9041 9042 9050 9075 9078 9079 9080 9085 9088 9091 9092 9102 9104 9108 9254 9302 9308 9310 9329 9356 9362 9365 9388 9405 9418 9419 9421 9422 9423 9424 9430 9432 9434 9443 9444 9445 9446 9692 9697 9706 9715 9771 9773 9780 9786 9787 9847 10032 10094 10145 10150 10151 10159 10160 10162 10179 10180 10181 10183 10185 10186 10188 10193 10199 10204 10205 10235 10383 10444 10500 10517 10539 10540 10543 10544 10554 10555 10564 10565 10568 10584 10585 10588 10593 10598 10601 10603 10608 10610 10611 10612 10613 10614 10621 10622 10624 10628 10631 10634 10637 10643 10974 10986 10989 10994 11001 11002 11005 11012 11013 11020 11024 11030 11032 11046 11048 11054 11056 11057 11059 11061 11063 11064 11065 11066 11068 11072 11074 11075 11076 11077 11080 11083 11084 11091 11102 11137 11193 11197 11215 11307 11406 11414 11430 11438 11446 11455 11456 11460 11462 11463 11472 11474 11477 11489 11502 11505 11506 11508 11509 11514 11515 11519 11525 11526 11528 11531 11533 11534 11535 11536 11537 11539 11549 11550 11551 11555 11643 11653 11869 11881 11883 11890 11898 11900 11908 11913 11922 11924 11925 11926 11930 11934 11935 11937 11938 11939 11940 11952 11955 12080 12118 12329 12330 12336 12360 12363 12364 12372 12374 12383 12384 12385 12387 12388 12395 12399 12408 12557 12697 12787 12788 12810 12831 12836 12839 12841 12843 12844 12851 12853 12857 12861 12866 12868 12882 12886 12891 12929 13135 13168 13261 13283 13295 13297 13301 13304 13307 13311 13312 13315 13326 13330 13333 13600 13784 13797 13802 13820 14042 14090 14316 14318 14322 14333 14340 14347 14375 14509 14556 14707 14822 14837 14853 14864 14876 14881 14883 14885 15835 15896 16490 16923 17095 18055 18463 19898 21025 25257 27052 27619 28471 28472 30589 32575 33377 36520 36974 37271 39550 39914 39958 40031 40208 43729 43956 48292 50226 50483 51192 51849 53310 56694 57818 58470 60027 60359 60554 67390 68181
Face Id End
0 1 0 0
Face Id Start
64 1570 2122 4226 5272 6038 6757 6758 6764 6810 7029 7034 7053 7059 7081 7317 7328 7338 7354 7525 7638 7656 7657 7663 7664 7669 7673 7942 7946 7958 7965 7974 7984 7985 7992 7996 7997 7998 7999 8004 8009 8010 8011 8012 8013 8043 8280 8289 8299 8308 8310 8313 8314 8318 8325 8330 8338 8339 8341 8356 8357 8358 8359 8405 8604 8607 8611 8622 8642 8646 8655 8664 8673 8679 8682 8683 8684 8690 8692 8694 8695 8696 8699 8705 8715 8716 8721 8729 8743 8955 8970 8971 8976 8979 8984 8989 9007 9009 9022 9034 9041 9042 9050 9108 9205 9308 9310 9329 9356 9362 9365 9370 9388 9396 9405 9422 9424 9434 9446 9636 9677 9688 9692 9697 9706 9715 9734 9737 9771 9780 9786 10032 10049 10063 10072 10087 10094 10105 10125 10128 10151 10185 10186 10274 10383 10444 10468 10469 10472 10483 10495 10530 10541 10580 10588 10892 10921 10928 10932 10938 10943 10950 10957 10964 10970 11193 11363 11385 11394 11406 11508 11539 11598 11783 11785 11795 11799 11818 11819 11828 11841 11846 11853 11869 12080 12118 12242 12255 12259 12269 12271 12299 12301 12327 12706 12715 12716 12738 12740 12743 12744 12751 12756 12763 12769 12786 12790 13129 13204 13244 13247 13253 13317 13392 13673 13676 13704 13718 13730 13738 13747 14012 14210 14239 14274 14277 14281 14287 14509 14648 14761 14792 14799 14805 14806 14808 14809 14811 14818 15286 15292 15302 15333 15736 15819 15828 15867 15870 16401 17050 21421 22756 37271 40031 43956 50290 53310 56694 60027 60554 64839
Face Id End
0 1 0 0
Face Id Start
7956 12277 17462 25424 27527 27762 27764 27765 27768 27775 27781 27782 27784 27791 27794 27797 27812 28219 28220 28221 28225 28230 28232 28237 28253 28260 28263 28271 28281 28282 28772 28795 28796 28802 28803 28810 28836 28862 28863 28882 28889 28900 29356 29402 29404 29427 29436 29449 29487 29510 29523 30075 30077 30080 30086 30109 30114 30152 30174 30177 30178 30217 30777 30792 30857 30897 31506 31564 31571 31827 32231 32337 32361 32371 32901 33148 33171 33634 33928 33946 34600 36485 39515 48499 57932 63797
Face Id End
0 1 0 0
Face Id Start
1840 5650 9829 9991 12240 14608 18375 22588 22880 26291 28252 28689 28782 28790 28792 28793 28800 28807 28812 28813 28814 28815 28816 28821 28822 28826 28830 28831 28832 28833 28834 28839 28840 28841 28851 28853 28854 28856 28858 28860 28871 28877 28878 28879 28880 28887 28899 29214 29390 29406 29407 29408 29411 29412 29420 29421 29422 29423 29430 29434 29441 29443 29451 29466 29470 29471 29476 29481 29489 29491 29495 29503 29504 29505 29515 29528 29529 29545 29556 29915 29956 30059 30076 30093 30099 30102 30105 30110 30133 30140 30153 30160 30166 30207 30224 30243 30244 30245 30246 30247 30314 30689 30710 30735 30753 30756 30759 30769 30785 30800 30803 30807 30883 30884 30972 31471 31476 31479 31484 31493 31497 31502 31504 31511 31523 31548 31549 31550 31560 31567 31574 31582 31588 31713 31735 31767 31780 31781 31947 32246 32260 32290 32302 32309 32338 32357 32365 32376 32427 32459 32469 32513 32541 32725 33081 33094 33100 33107 33147 33159 33161 33199 33220 33225 33289 33389 33892 33893 33894 33896 33897 33917 33943 33951 33980 34320 34522 34535 34545 34561 34582 34601 34602 35140 35165 35172 35181 35196 35203 35215 35565 35739 35795 35797 35821 36179 36296 36343 36357 36363 36369 36861 36981 36984 37014 37017 37065 37300 37416 37658 38276 39526 39731 40836 43739 52828 53265 64709 65034
Face Id End
0 1 0 0
Face Id Start
1840 1917 5650 9829 9991 11170 12240 14608 18375 22588 22880 25930 26291 28252 28419 28689 28782 28790 28792 28793 28800 28807 28812 28813 28814 28815 28816 28821 28822 28826 28830 28831 28832 28833 28834 28839 28840 28841 28851 28853 28854 28856 28858 28860 28871 28877 28878 28879 28880 28887 28899 29214 29406 29407 29408 29411 29412 29420 29421 29422 29423 29424 29430 29434 29441 29443 29451 29466 29470 29471 29476 29481 29483 29489 29490 29491 29495 29503 29504 29505 29507 29509 29515 29528 29529 29545 29556 29956 30059 30076 30093 30099 30102 30105 30110 30132 30133 30140 30147 30153 30160 30163 30166 30189 30207 30224 30243 30244 30245 30246 30247 30314 30689 30710 30735 30753 30756 30759 30769 30785 30800 30803 30807 30844 30883 30884 30972 31471 31476 31484 31493 31502 31504 31511 31523 31548 31549 31550 31560 31567 31574 31582 31588 31713 31735 31767 31769 31780 31781 31789 31796 31947 32290 32302 32309 32338 32357 32365 32376 32427 32459 32469 32474 32513 32520 32541 32553 32562 32563 32579 32590 32602 32603 32629 32712 32725 33081 33100 33107 33147 33159 33161 33199 33220 33225 33277 33289 33322 33346 33389 33393 33892 33893 33894 33896 33897 33917 33943 33951 33980 33984 34027 34264 34545 34561 34582 34601 34602 34731 35165 35181 35196 35203 35215 35286 35565 35795 35797 36296 36343 36357 36363 36369 36697 36861 36981 37014 37017 37065 37300 37658 38276 39526 39731 40836 43739 53265 59297 67437
Face Id End
0 1 0 0
Face Id Start
36285
Face Id End
0 1 0 0
Face Id Start
1 3 6 7 8 9 11 12 13 15 18 19 20 29 32 34 35 36 37 38 40 41 42 45 47 49 54 57 75 6014 26056 27525 29462 32990 33518 34521 34661 35142 35169 35178 35184 35185 35186 35193 35702 35716 35722 35732 35733 35745 35746 35751 35753 35757 35759 35761 35813 35920 36249 36253 36258 36259 36260 36261 36263 36264 36265 36266 36268 36269 36272 36273 36274 36279 36280 36285 36294 36305 36307 36326 36890 36891 36892 36895 36896 36897 36899 36900 36902 36904 36915 36922 36923 36950 36975 36979 36982 36986 36991 37552 37560 37565 37566 37567 37571 37579 37582 37583 37584 37605 37606 37620 37625 37628 38149 38150 38172 38179 38226 38233 38263 38431 38461 38782 38800 38811 38987 39417 39590 40811 41347 41997 42227 42234 45140 69016
Face Id End
0 1 0 0
Face Id Start
32990 36249 36253 36258 36259 36260 36264 36265 36266 36268 36269 36280 36285 36902 40811
Face Id End
0 1 0 0
Face Id Start
6014 26056 27525 29462 32990 34661 35142 35169 35184 35185 35186 35193 35702 35716 35722 35732 35733 35745 35746 35751 35757 35813 35920 36249 36253 36258 36259 36260 36261 36263 36264 36265 36266 36268 36269 36272 36273 36274 36279 36280 36285 36294 36305 36307 36890 36891 36892 36895 36896 36897 36899 36900 36902 36904 36915 36922 36923 36979 36986 36991 37552 37560 37565 37566 37567 37571 37579 37583 37584 37605 37606 37620 37625 37628 37630 38149 38150 38167 38172 38179 38181 38188 38226 38233 38431 38461 38782 38800 38811 38817 38822 38826 38857 39417 39488 39590 40811 41347 41997 42227 42234
Face Id End
Texture End
