../Model/armadillo.obj
Texture Image Start
C:\Users\User\OneDrive\桌面\P3繳交\Release\Images\King_Koopa\龜殼小.jpg
C:\Users\User\OneDrive\桌面\P3繳交\Release\Images\King_Koopa\眼睛.png
C:\Users\User\OneDrive\桌面\P3繳交\Release\Images\King_Koopa\龜殼1.jpg
Texture Image End
Texture Image Index Record Start
1 2 0 1 2 2 2 2 2 2 2 2 0 0 0 1 2 0 0 0 0 0 0 0 0 0 0 0 0 1 2 0 1 1 2
Texture Image Index Record End
Texture Start
0 1 0 0
Face Id Start
1232 1510 2142 2246 2280 2406 2934 4833 6193 8107 11553 14381 14539 15131 16174 16243 19769 19770 23699 23831 24015 24037 27084 27134 30094 30241 30645 31465 31512 35200 36667 36689 36769 36938 36953 37200 37209 37849 37979 38058 38360 38833 40221 40456 41169 42796 43024 43227 43697 44026 44630 44658 45396 46915 47964 48428 48483 48981 50275 52041 52128 53035 53040 53672 53799 54013 56179 56503 56702 59621 61299 62912 63318 64559 64825 64826 65574 66146 66148 66231 66563 66820 66906 67414 67725 67970 68450 68604 68631
Face Id End
0 1 0 0
Face Id Start
683 7079 9127 21463 22464 24961 25131 25532 25540 26243 27324 30470 30812 32891 33093 33310 33930 33972 34219 34473 35942 35943 36054 36188 36415 36614 36758 39614 39681 39730 41525 43296 44065 45204 45288 45326 45733 45754 45870 46997 47739 47957 48129 48634 49289 49559 49869 51051 51787 53871 55377 55641 56319 57699 57734 57805 58615 58772 58856 58900 59991 60301 60310 61260 61817 62803 62908 62932 62933 62981 63030 63032 63263 63788 63840 64468 64920 65050 65252 66280 66496 66622 66824 66827 67258 67326 67411 67474 67483 67537 67549 67550 67613 67656 67749 67752 68201 68204 68264 68520
Face Id End
0 1 0 0
Face Id Start
758 1810 1918 2425 2786 4140 5343 5981 6308 7697 9372 9843 10830 10916 11299 11436 11605 11793 12057 12081 12143 12253 12595 13044 13093 13242 13399 13494 13728 13813 14150 14571 15205 15519 15968 17416 17445 18157 18466 18972 22487 23061 23793 23918 24382 24389 25493 27287 27936 29333 29626 29728 30432 31752 32058 32418 33119 33190 33235 33609 33643 33757 34273 34339 34654 34775 34845 34847 35268 35312 35484 35500 35711 35946 35966 36333 36592 36673 36701 36793 36989 37168 37169 37184 37306 37327 37795 38038 38127 38128 38130 38193 38424 38448 38465 38746 38754 38885 38907 38951 38956 39119 39259 39337 39382 39440 39599 39721 40022 40122 40216 40500 40542 40558 40680 40707 41243 41401 41417 41524 41761 41810 41978 42070 42166 42233 42537 42640 42737 42805 43295 43320 43324 43437 43467 43585 43886 43890 44166 44607 44681 44710 45647 45822 47345 47792 47818 47819 47835 48483 48518 49905 51225 52710 52730 53154 53414 54006 54173 54190 54836 54837 54846 55646 60127 61020 61789 61980 62450 62896 62911 62918 63092 63824 63873 64655 64656 64828 64864 65079 65209 65217 65812 66620 66658 66666 66673 66675 66862 66906 66935 67179 67360 67695 67763 67803 67842 67860 67869 68248 68486 68554 68626 68627 68669 68677 68689 68715 68726 68733 68741 68742 68743 68832 68836
Face Id End
0 1 0 0
Face Id Start
5154 5389 5900 5920 10079 14315 22155 24007 24058 24470 30975 34832 36267 41111 42746 44449 48653 52957 53943 54669 55802 55942 63748 68102 68596
Face Id End
0 1 0 0
Face Id Start
1 3 6 7 8 9 11 12 13 15 18 19 20 29 32 34 35 36 37 38 40 41 42 45 47 49 54 57 75 2733 12485 21383 27288 27628 28115 29794 30003 30492 31250 32051 33658 34758 34788 34795 36944 37016 37317 37655 37665 37704 38262 39635 40224 40780 40788 41039 41498 41969 42662 43289 43829 43902 43912 44356 45670 46506 47439 47452 47582 47603 47875 48042 48663 49142 49162 49164 49678 50410 50487 51035 51040 51130 51286 51464 52164 54121 54219 54381 54848 54937 55044 55059 55117 55246 55427 56406 56458 56935 57458 58134 58610 58760 58796 59488 59552 59789 59916 60093 60699 60726 61605 61609 61885 61904 61978 62591 62720 62932 63743 63787 64920 65027 65890 65914 66111 66147 66259 66964 66992 67025 67027 67028 67180 67220 67284 67328 67435 67443 68521 69016
Face Id End
0 1 0 0
Face Id Start
1 3 4 6 7 8 9 11 12 13 15 17 18 19 20 22 24 26 29 32 33 34 35 36 37 38 40 41 42 43 45 46 47 48 49 50 51 52 54 55 56 57 60 65 68 69 70 75 77 79 80 82 87 88 89 90 92 93 96 99 103 105 106 109 110 111 113 117 122 124 125 127 128 131 138 140 149 157 158 159 164 365 3249 3680 3792 6031 8845 11520 12485 13083 13219 14108 14258 14351 14513 14552 14672 14692 14703 14726 14753 14765 14774 14775 14778 14810 14902 14906 14927 14960 14996 15009 15034 15067 15093 15109 15110 15138 15188 15235 15267 15303 15319 15384 15405 15413 15417 15461 15602 15730 16474 16664 16714 16715 16966 16967 17048 17092 17108 17109 17112 17178 17244 17386 17430 17593 17752 17772 17773 17833 17997 18008 18027 18043 18051 18080 18083 18115 18117 18156 18248 18289 18300 18335 18344 18362 18408 18455 18506 18517 18531 18533 18536 18619 18620 18628 18637 18647 18652 18665 18682 18683 18689 18692 18738 18873 19135 19203 19205 19233 19252 19495 19496 19558 19563 20386 20454 20753 21073 21087 21139 21188 21267 21269 21325 21328 21341 21397 21404 21405 21407 21419 21478 21505 21528 21536 21551 21594 21609 21620 21621 21634 21636 21666 21688 21715 21732 21739 21742 21746 21769 21775 21799 21818 21820 21822 21914 21958 21974 21975 21991 21993 21998 22051 22056 22066 22074 22083 22085 22104 22114 22122 22142 22170 22239 22261 22262 22476 22489 22548 22575 22606 22609 22675 23110 23116 23652 23681 24079 24136 24222 24225 24237 24296 24490 24536 24538 24603 24652 24657 24666 24669 24707 24716 24719 24721 24735 24737 24790 24864 24870 24884 24920 24927 24935 24943 24984 25006 25009 25035 25060 25074 25097 25101 25108 25110 25112 25137 25167 25234 25251 25275 25328 25425 25463 25565 25860 26844 26954 27115 27122 27228 27418 27428 27508 27595 27601 27604 27622 27627 27676 27747 27767 27774 27779 27802 27877 27890 27935 27940 27960 27992 28139 28161 28211 28243 28389 28932 28944 28949 29280 29373 29760 29845 30485 30492 30768 30812 30850 30865 30919 30943 31041 31063 31070 31086 31107 31146 31153 31219 31225 31250 31498 31536 31543 31544 31545 31638 31938 31943 31949 32701 33665 33812 33955 33972 34235 34365 34420 34427 34493 34581 34758 34873 34918 36067 36068 36332 36654 36944 37067 37425 37434 37647 37665 37710 38262 38303 39730 40267 40376 40382 40518 40605 40788 41141 41195 43250 43266 43310 43311 43312 43313 43376 43382 43417 43435 44019 44020 44067 44075 44356 44524 44531 45670 46084 46085 46111 46117 46458 46480 46487 46488 46499 46539 46542 46544 46545 46550 46593 46728 46769 46827 46843 46845 46849 46961 46972 47200 47222 47227 47287 47301 47582 47663 47773 47875 47899 48095 48233 48298 48686 49142 49162 49164 49364 49673 49750 50272 50487 50683 50684 50702 50736 50781 50786 50801 50910 51035 51040 51064 51101 51106 51130 51221 51231 51244 51245 51286 51347 51374 51462 51494 51615 51640 52169 52212 52262 52734 53604 53886 53926 54000 54121 54471 54666 54715 54848 54888 54892 54976 55008 55025 55044 55166 55246 55260 55377 55436 55764 56319 57168 57547 57699 57805 57890 57891 58182 58466 58475 58548 58555 58796 58856 58900 59488 59662 59789 59991 60093 61323 61817 61885 62705 62803 62908 62932 62933 62960 62981 63030 63032 63840 63858 66280 67075 67258 68920 68921 68922 68923 68924 68925 68926 68927 68928 68929 68930 68931 68932 68933 68934 68935 69016 69017 69018
Face Id End
0 1 0 0
Face Id Start
1906 4248 4452 4671 4674 4733 4799 7407 7563 7713 8055 8154 8340 9127 10295 10344 12059 12289 12290 12450 13577 13798 15455 15477 15660 15770 15993 16009 16867 17131 17132 17343 17612 20415 22135 22333 23493 23823 25011 25436 27976 28262 29263 30271 32582 32626 33660 34953 36188 36330 37732 39174 39202 39681 39697 39730 40290 40956 41028 41525 43333 45684 45932 46493 46563 47503 47538 47739 48152 48326 48334 48604 49203 49554 49805 51999 52198 52247 52317 53312 53376 53435 53440 53504 56043 56246 56754 57234 57475 57547 57686 58466 58873 59119 59130 59346 59662 60139 60178 61034 61533 61595 62173 62699 62705 62943 62982 63125 63266 63415 64506 64743 65219 65262 66074 66280 66524 67029 67059 67714 67894 67944 68141 68212 68272 68653 68716
Face Id End
0 1 0 0
Face Id Start
14960 18647 18652 18682 18683 18689 18738 19203 19233 19252 21404 21405 21620 21742 21746 22051 22056 22066 22074 22083 22122 22142 22170 22239 22489 22548 22575 22606 22675 23116 23652 23681 24136 24225 24237 24296 24884 24927 24935 24943 24984 25006 25060 25101 25110 25328 25425 25463 25860 26844 27228 27604 27627 27747 27767 27935 27960 28211 28243 28422 28932 28944 28949 29207 29280 29710 29760 30068 30865 30919 31063 31070 31146 31638 31943 32249 33096 33665 33720 33812 33955 34235 34328 34427 34432 34493 34581 34741 34873 34918 35777 36067 36068 36105 36654 37064 37067 37425 37434 37540 37647 37710 38303 38690 38699 39210 39730 40267 40376 40382 40518 40605 40779 40878 41141 41195 41472 41556 41928 41929 42172 42381 42980 43250 43266 43310 43311 43312 43313 43376 43382 43417 43435 43456 43535 44019 44020 44067 44075 44174 44175 44181 44524 44531 44797 45427 46084 46085 46111 46116 46117 46458 46480 46487 46488 46499 46505 46539 46542 46544 46545 46550 46593 46728 46769 46827 46843 46845 46849 46961 46972 47200 47222 47227 47268 47287 47301 47391 47398 47663 47773 47899 48095 48233 48298 48686 49142 49162 49364 49673 49750 50683 50684 50702 50736 50773 50781 50786 50801 50910 51064 51101 51106 51221 51231 51244 51245 51347 51374 51462 51494 51615 51640 52169 52212 52247 52262 52313 53312 53604 53886 53926 53950 54000 54471 54641 54666 54715 54888 54892 54976 55008 55025 55166 55377 55764 57168 57475 57547 57610 57699 57805 57891 58182 58311 58466 58475 58548 58555 58856 58900 59346 59662 61323 61533 62699 62705 63266 66074 67029 67944 68920 68921 68922 68923 68924 68925 68926 68927 68928 68929 68930 68931 68932 68933 68934 68935
Face Id End
0 1 0 0
Face Id Start
6031 14960 18682 19203 19558 19563 21405 21478 21620 21746 22066 22074 22142 22170 22239 22548 22606 22675 23110 23116 23652 23681 24079 24657 24666 24669 24719 24735 24737 24790 24920 24927 25097 25108 25110 25112 25137 25234 25425 25565 25860 26954 27288 27627 27767 27774 27779 27800 27802 27877 28139 28211 28243 28389 29280 29760 29794 29845 30003 30485 30492 30950 31021 31032 31041 31063 31086 31146 31153 31219 31225 31250 31267 31431 31638 31722 32051 32701 33658 34427 34493 34552 34555 34566 34567 34581 34758 34788 34795 36068 36177 36654 36944 37016 37425 37434 37647 37655 37665 37704 38262 38303 39635 40224 40518 40605 40780 40788 41039 41195 41969 42662 43289 43829 43902 43912 44356 45670 46506 46843 46845 46849 47227 47439 47452 47582 47773 48663 49162 49164 49673 49678 50410 54381 56406 60093 60699
Face Id End
0 1 0 0
Face Id Start
6031 9608 9619 10452 11520 13083 13219 13940 13983 14064 14108 14351 14365 14439 14513 14552 14644 14655 14662 14672 14676 14692 14703 14726 14730 14753 14765 14774 14775 14778 14783 14810 14902 14906 14927 14996 15009 15034 15067 15093 15109 15110 15124 15138 15184 15188 15235 15267 15277 15303 15319 15384 15405 15413 15417 15438 15461 15602 15705 16474 16505 16596 16664 16725 16826 16896 16966 16967 16981 17016 17048 17080 17088 17092 17097 17108 17109 17112 17127 17178 17205 17209 17214 17225 17244 17252 17264 17327 17358 17386 17430 17473 17477 17491 17504 17522 17581 17582 17593 17596 17671 17695 17696 17752 17759 17760 17772 17773 17833 17973 17997 18008 18027 18043 18051 18080 18083 18115 18117 18156 18158 18210 18248 18289 18300 18312 18335 18344 18362 18408 18455 18506 18517 18531 18533 18536 18619 18620 18628 18637 18647 18652 18665 18682 18683 18689 18692 18738 18873 19135 19203 19205 19233 19252 19495 19496 19936 20210 20313 20441 20454 20547 20556 20557 20564 20586 20609 20616 20647 20669 20681 20753 20776 20848 20855 20896 20944 21069 21073 21087 21139 21165 21172 21188 21267 21269 21299 21325 21328 21341 21397 21404 21405 21407 21419 21478 21490 21505 21522 21528 21536 21551 21594 21609 21620 21621 21634 21636 21666 21688 21715 21732 21739 21742 21746 21769 21775 21799 21818 21820 21822 21914 21958 21974 21975 21983 21991 21993 21998 22051 22056 22066 22074 22083 22085 22104 22114 22122 22142 22170 22239 22261 22262 22476 22489 22548 22575 22606 22609 22675 23110 23116 23338 23652 23965 23983 24079 24136 24185 24222 24225 24237 24296 24485 24490 24536 24538 24603 24652 24657 24666 24707 24716 24719 24721 24735 24737 24790 24805 24837 24864 24870 24884 24920 24927 24935 24943 24984 25006 25009 25035 25060 25074 25097 25101 25110 25112 25167 25234 25251 25275 25328 25425 25463 25565 25860 26844 26848 26954 27115 27122 27228 27398 27417 27418 27428 27508 27595 27601 27604 27622 27627 27676 27733 27747 27767 27774 27779 27800 27802 27807 27890 27935 27940 27960 27992 28161 28211 28243 28422 28932 28944 28949 29207 29280 29373 29845 30040 30206 30286 30476 30684 30697 30808 30850 30865 30943 31070 31107 31192 31503 31517 31522 31536 31543 31544 31545 31638 31938 31943 31949 32249 32701 33720 33812 33955 33979 34235 34253 34255 34328 34358 34365 34409 34420 34432 34741 34873 35777 35901 36332 37064 37067 37162 37307 37308 37321 37538 37540 37550 37710 37794 38157 38690 38699 40418 40499 40779 41151 41472 41755 41928 44797 45427 45770 52734 62960 66453 68920 68924 68928 68929 68931 68933 68935
Face Id End
0 1 0 0
Face Id Start
1 3 4 6 7 8 9 11 12 13 15 17 18 19 20 22 24 26 29 32 33 34 35 36 37 38 40 41 42 43 45 46 47 48 49 50 51 52 54 55 56 57 60 65 68 69 70 75 77 79 80 82 87 88 89 90 92 93 96 99 103 105 106 109 110 111 113 117 122 124 125 127 128 131 138 140 149 157 158 159 164 365 2733 3249 3680 3792 5632 8845 8966 9127 12485 14258 15477 15660 15730 16714 16715 17114 17123 20386 24961 27324 28115 30768 30812 31498 32582 32626 33093 33972 34219 35942 35943 36054 36330 36614 37647 39614 39681 39730 40267 40301 41498 43296 44821 45670 45733 46111 46117 46480 46487 46488 46493 46563 46728 46769 46827 46843 46961 46972 47200 47222 47227 47287 47301 47582 47663 47739 47875 47899 48233 48298 49142 49162 49164 49364 49750 50272 50487 50702 50736 50801 50910 51035 51040 51064 51101 51106 51130 51221 51231 51244 51245 51286 51297 51347 51374 51462 51494 51615 51640 52169 52212 53312 53871 53886 53926 54000 54121 54715 54848 54888 54892 54976 55008 55025 55044 55166 55246 55260 55377 55427 55436 55641 56064 56319 56458 56564 56584 56935 57168 57458 57699 57805 57890 57891 58548 58555 58610 58615 58796 58856 58900 59052 59061 59147 59151 59488 59552 59662 59789 59916 59991 59997 60029 60114 61323 61595 61609 61817 61885 61904 61978 62037 62045 62591 62699 62705 62720 62803 62908 62932 62933 62981 63030 63032 63044 63048 63104 63559 63743 63787 63840 63858 64743 64920 65814 65890 65914 66074 66147 66280 66622 66824 66827 67025 67027 67028 67075 67180 67220 67258 67284 67326 67328 67435 67443 67451 67474 67483 67487 67537 67549 67550 67613 67656 67749 67752 68212 68521 68692 69016 69017 69018
Face Id End
0 1 0 0
Face Id Start
2733 5632 8845 8966 9127 12485 17114 17123 27324 27628 28115 30812 32626 33972 37647 37665 38262 39614 39730 40267 40301 40788 41039 41195 41498 43296 43829 43902 43912 44356 44821 45670 46111 46117 46480 46487 46488 46563 46728 46769 46827 46843 46961 46972 47200 47222 47227 47287 47301 47582 47663 47739 47875 47899 48233 48298 48663 49142 49162 49164 49364 49673 49750 50272 50410 50487 50702 50736 50801 50910 51035 51040 51064 51101 51106 51130 51221 51231 51244 51245 51286 51297 51347 51374 51462 51494 51615 51640 52169 52212 53886 53926 54000 54121 54715 54848 54888 54937 54976 55008 55025 55044 55059 55166 55246 55260 55377 55427 55436 56064 56319 56406 56458 56564 56584 56935 57168 57458 57699 57805 57890 57891 58134 58548 58610 58615 58796 58856 58900 59052 59061 59147 59151 59488 59552 59789 59916 59991 59997 60029 60114 60699 61323 61605 61609 61817 61885 61904 61978 62037 62045 62591 62699 62705 62720 62803 62908 62932 62933 62981 63030 63032 63044 63048 63104 63559 63743 63787 63840 63858 64920 65814 65890 65914 66147 66259 66280 66622 66824 66827 67025 67027 67028 67180 67220 67258 67284 67326 67328 67435 67443 67451 67474 67483 67487 67537 67549 67550 67613 67656 67749 68212 68521 68692
Face Id End
0 1 0 0
Face Id Start
67 73 1075 2030 2512 2554 2643 2647 2820 3069 4846 5348 5504 5682 5920 6057 6094 8068 8666 9142 9429 9438 9778 10079 11568 12028 12130 12553 12741 12898 14693 15139 15658 15922 16735 18413 20243 21054 21657 22016 22028 22363 23050 23862 24770 24779 25215 27538 29749 30281 30975 31301 32164 36126 36144 38232 39292 39862 40236 42746 47166 47710 50503 51210 51507 52264 52364 52540 52653 53131 53242 54206 54483 55119 55120 55990 57025 57600 61213 61890 63748 64034 68102 68596
Face Id End
0 1 0 0
Face Id Start
5154 5389 6510 9854 10916 13195 13494 13813 14315 21281 21565 29203 32202 32631 35575 42375 44449 45495 46199 47487 48520 48624 48793 49150 50225 50758 50823 50973 51148 52681 52713 52957 53255 55802 56250 56322
Face Id End
0 1 0 0
Face Id Start
1 3 6 7 8 9 11 12 13 15 18 19 20 29 32 34 35 36 37 38 40 41 42 45 47 49 54 57 75 758 2070 2365 2528 2588 2636 5154 5389 5900 5920 6510 9567 9854 9906 10079 10640 10916 10979 10980 11793 11857 12057 12253 13195 13494 13813 14315 14463 14571 18966 19606 21190 21281 21387 21565 22155 23204 23760 24007 24470 27832 29203 30975 32202 32631 34591 34832 35575 36267 39239 41111 42339 42375 43835 43852 44449 45074 45495 46199 46926 47487 47975 48052 48407 48520 48624 48653 48793 49150 49326 50225 50242 50339 50362 50751 50758 50823 50973 51148 51822 52681 52713 52803 52957 53255 53943 54669 54990 55646 55802 55942 56250 56322 62837 68102 69016
Face Id End
0 1 0 0
Face Id Start
1 3 6 7 8 9 11 12 13 15 18 19 20 29 32 34 35 36 37 38 40 41 42 45 47 49 54 57 75 5154 5389 5900 6510 9854 9906 11857 13494 13813 14315 19606 21281 21387 21565 22155 23531 23760 24007 24470 28661 29203 32202 32631 35575 39491 41111 42339 42375 43835 44044 44048 44449 45074 45495 46199 46926 47229 47487 47579 47754 47791 47975 48052 48407 48520 48624 48653 48793 49150 49326 50225 50242 50362 50751 50758 50823 50973 51148 52681 52713 52803 52957 53255 53943 54990 55802 56250 56322 62837 69016
Face Id End
0 1 0 0
Face Id Start
1 3 6 7 8 9 11 12 13 15 18 19 20 29 32 34 35 36 37 38 40 41 42 45 47 49 54 57 75 758 1810 5154 5389 5900 5981 6510 7697 9372 9567 9854 10916 11299 11605 11793 12057 12253 13044 13195 13494 13813 14315 14463 14571 15968 18966 21281 21565 22155 27832 29203 30432 32058 32202 32631 33119 33757 34339 34654 34832 34845 34847 35268 35484 35500 35575 36267 36333 36592 36673 36701 38465 38907 38951 39119 39239 39337 39721 41013 41111 42375 44449 45495 46199 47487 48520 48624 48793 49150 49326 50225 50644 50758 50823 50973 51148 52681 52713 52957 53255 53943 55646 55802 55895 56250 56322 60127 62450 62837 63092 66675 68704 69016
Face Id End
0 1 0 0
Face Id Start
2554 2734 2819 2820 2919 2921 2922 2933 3069 4846 5774 5893 6057 6094 6243 6244 6245 6290 6293 9605 9661 14896 17648 20435 20595 20606 20607 21054 21114 21195 21657 21762 22028 22363 23531 24058 24183 24470 24779 24784 32164 36142 43017 44400 47754 48059 48824 50242 52818 54669 55942 56512 57025 61485 65029 66609
Face Id End
0 1 0 0
Face Id Start
758 1810 2070 2365 2528 2588 2636 5154 5389 5900 5920 5981 6510 7697 9372 9567 9854 9906 10079 10640 10916 10979 10980 11299 11605 11793 11857 12057 12081 12253 12553 13044 13195 13494 13813 14315 14463 14571 15127 15968 16517 18413 18466 18966 18972 19606 21190 21281 21387 21565 21657 21762 21959 22155 23204 23760 24007 24058 24470 24779 24784 27832 29203 29749 30159 30432 30975 31301 32058 32202 32631 32667 33119 33757 34339 34591 34654 34832 34845 34847 35268 35484 35500 35575 36267 36333 36592 36673 36701 38232 38465 38907 38951 39119 39239 39337 39721 39799 41013 41111 41524 42339 42375 42746 43486 43835 43852 44449 45074 45495 46199 46926 47487 47975 48052 48407 48520 48624 48653 48793 49150 49326 50225 50242 50339 50362 50644 50751 50758 50823 50973 51148 51536 51822 52681 52713 52803 52957 53255 53943 54669 54990 55646 55802 55895 55942 56250 56322 60127 61980 62450 62837 63092 63748 66675 68102 68596 68704
Face Id End
0 1 0 0
Face Id Start
1 3 6 7 8 9 11 12 13 15 18 19 20 29 32 34 35 36 37 38 40 41 42 45 47 49 54 57 75 758 1810 5154 5389 5900 6510 9567 9854 10916 11299 11605 11793 11857 12057 12253 13195 13494 13813 14315 14463 14571 18966 19606 21281 21387 21565 22155 23760 27832 29203 32202 32631 33119 33757 34339 34832 34845 34847 35484 35500 35575 39239 41111 42339 42375 43835 44449 45074 45495 46199 46926 47487 47975 48052 48520 48624 48793 49150 49326 50225 50362 50751 50758 50823 50973 51148 52681 52713 52957 53255 54990 55646 55802 56250 56322 62450 62837 63092 66675 69016
Face Id End
0 1 0 0
Face Id Start
758 1075 1810 2070 2346 2365 2425 2428 2469 2493 2511 2512 2526 2528 2554 2563 2564 2588 2612 2636 2641 2652 2679 2778 2786 2819 2820 2858 2861 2874 2934 3069 4140 5154 5232 5343 5389 5400 5498 5748 5837 5845 5886 5900 5920 5953 5954 5958 5963 5981 6044 6057 6078 6097 6129 6184 6244 6253 6278 6290 6295 6447 6510 6659 6715 7697 8543 8613 8666 8723 8868 9235 9239 9283 9372 9567 9593 9601 9843 9854 9906 10037 10079 10640 10916 10979 10980 11025 11299 11436 11605 11793 11857 11904 11960 12057 12081 12101 12253 12365 12390 12396 12443 12553 12595 12639 12741 12973 13044 13093 13119 13120 13195 13208 13242 13494 13728 13813 14150 14289 14315 14463 14571 14784 14819 15099 15102 15127 15158 15205 15274 15390 15519 15922 15934 15968 16040 16500 16517 16633 16735 17012 17249 17367 17416 17445 17648 17694 17903 18120 18157 18413 18466 18593 18681 18875 18966 18972 19434 19476 19500 19537 19606 20080 20177 20258 20348 20435 20437 20595 20606 20607 20799 20831 21054 21114 21190 21195 21281 21387 21565 21657 21762 21876 21959 22016 22028 22155 22329 22351 22363 22487 23050 23061 23204 23531 23760 23793 23918 24007 24058 24183 24382 24389 24470 24617 24779 24784 26260 27125 27425 27538 27832 27936 28407 28661 28755 29203 29333 29626 29728 29749 30159 30281 30432 30975 31301 31752 32058 32202 32418 32631 32667 33119 33235 33609 33632 33643 33757 34273 34339 34591 34654 34775 34832 34845 34847 35251 35268 35312 35484 35500 35575 35711 35946 35966 36126 36153 36267 36333 36592 36673 36701 36793 36989 37168 37169 37184 37306 37327 37646 37795 37849 38038 38058 38127 38128 38130 38193 38232 38411 38424 38448 38465 38746 38754 38804 38885 38907 38951 38956 39075 39119 39198 39239 39259 39292 39337 39382 39440 39491 39721 39799 39862 40022 40103 40122 40236 40500 40542 40558 40680 40707 40872 40988 41013 41024 41111 41243 41401 41417 41524 41761 41810 41978 42070 42166 42233 42339 42375 42537 42737 42746 42805 43017 43248 43295 43486 43585 43808 43835 43852 43890 44044 44048 44166 44400 44449 44598 44607 44630 44710 45074 45495 45647 45791 45822 46199 46926 47229 47345 47487 47579 47646 47754 47791 47792 47818 47819 47835 47975 48052 48059 48110 48407 48483 48520 48595 48624 48653 48793 48824 49150 49326 49905 50225 50242 50339 50362 50503 50644 50751 50758 50823 50973 51148 51210 51225 51394 51507 51536 51822 51845 52264 52681 52710 52713 52730 52803 52818 52957 53131 53154 53255 53943 54006 54070 54189 54190 54206 54483 54669 54990 55119 55120 55646 55802 55895 55942 55990 56250 56322 56503 56764 57025 57600 58054 58527 59381 59391 60127 60376 60471 60516 61213 61485 61890 61980 62450 62837 62911 62918 62928 63092 63748 63869 63873 64034 65029 65209 65720 65812 65918 66146 66148 66231 66563 66609 66620 66658 66666 66673 66675 66820 66862 66906 66935 67179 67360 67414 67695 67725 67763 67842 67860 67869 68102 68596 68627 68631 68677 68679 68704 68715 68726 68733 68741 68742 68743 68832
Face Id End
0 1 0 0
Face Id Start
490 749 779 1682 2012 3801 4031 4085 4090 4448 4606 4729 5059 5308 5432 6513 6784 7159 7395 8188 8292 9125 9233 9258 9634 9777 10171 10462 11458 11776 13246 13476 13488 13610 13733 14024 14053 14084 14114 14152 14153 14244 14249 14276 14350 14365 14483 14507 14541 14639 14653 14766 14797 15055 15156 15174 15486 15553 15614 15631 15663 15774 15850 16004 16008 16048 16064 16086 16133 16165 16175 16176 16188 16197 16213 16217 16220 16228 16283 16296 16321 16358 16443 16458 16471 16482 16607 16665 16687 16694 16747 16817 16826 16924 17031 17069 17120 17172 17268 17270 17297 17319 18187 18324 18604 18605 18838 18844 19197 19213 19244 19245 19269 19275 19300 19339 19342 19350 19351 19463 19546 19576 19696 19784 19818 19860 19888 19921 19935 20068 20220 20260 20267 20306 20371 20398 20404 20603 20608 20732 20737 20830 20851 20980 20987 21089 21422 21531 21709 21798 22081 22234 22252 22632 22641 22646 22649 22678 22703 22704 22737 22743 22763 22768 22772 22775 22815 22852 22874 22947 22971 23095 23099 23114 23132 23156 23170 23239 23253 23297 23315 23347 23428 23431 23491 23571 23578 23612 23759 23792 23808 23988 24061 24610 24614 24996 25255 25259 25561 25587 25744 25745 25747 25751 25777 25790 25819 25824 25856 25857 25876 25901 25903 25938 25942 26008 26031 26113 26120 26141 26153 26154 26172 26215 26233 26285 26289 26304 26321 26392 26395 26442 26443 26457 26479 26512 26547 26548 26562 26628 26702 26768 26782 26796 26809 26814 26819 26826 26888 27102 27236 27362 27451 27452 27456 27934 27939 27955 28011 28137 28216 28312 28375 28406 28426 28427 28513 28673 28774 28776 28901 28925 28926 28931 28995 29005 29067 29069 29089 29119 29132 29266 29308 29370 29372 29395 29417 29631 29648 29678 29896 29936 29968 30001 30004 30024 30526 30595 30833 30866 30928 30989 30990 31074 31314 31466 31537 31634 31646 31720 31768 31847 31854 31950 32056 32061 32116 32144 32145 32238 32252 32255 32265 32287 32333 32347 32348 32356 32360 32362 32498 32559 32994 33028 33134 33369 33499 33694 33739 33759 33969 34089 34112 34113 34422 34634 34767 34774 34924 34994 35009 35023 35028 35179 35204 35209 35217 35229 35264 35270 35279 35356 35420 35482 35485 35491 35492 35548 35593 35648 35649 35664 35668 35704 35726 35770 35783 35788 35792 35793 35861 36043 36086 36184 36185 36241 36289 36295 36366 36464 36716 37023 37037 37211 37218 37523 37690 37746 37832 38102 38137 38197 38207 38215 38248 38249 38273 38309 38366 38375 38380 38455 38477 38487 38510 38552 38565 38601 38653 38679 38686 38716 38744 38785 38790 38808 38810 38853 38905 38924 38938 38954 38957 39007 39012 39118 39205 39315 39365 39432 39605 39695 39714 39715 39968 39994 40130 40218 40231 40254 40738 40868 40883 40902 40996 40997 41106 41117 41186 41366 41432 41433 41503 41538 41621 41672 41690 41704 41708 41741 41804 41905 42092 42104 42142 42158 42186 42202 42210 42263 42392 42614 42687 42736 42780 42788 42954 43006 43459 43581 43643 43750 43814 43828 43851 43914 44027 44072 44081 44102 44138 44338 44354 44465 44516 44569 44644 44645 44685 44722 44753 45064 45105 45109 45118 45173 45234 45291 45319 45320 45332 45360 45400 45407 45598 45665 45844 46031 46141 46351 46431 46615 46737 46755 46859 47142 47541 47625 47627 47669 47749 47756 47827 47938 47949 48014 48366 48434 48562 48577 48587 48626 48633 48705 48739 48765 48766 48860 48951 48997 49005 49172 49376 49380 49400 49413 49620 49728 49860 49906 50027 50634 50665 50679 50787 50993 51031 51270 51381 51611 51638 51791 51942 51955 52018 52074 52075 52154 52194 52206 52243 52292 52320 52359 52370 52382 52410 52420 52441 52445 52464 52498 52503 52539 52674 52685 52773 52780 52800 52801 52970 52975 52991 53106 53158 53314 53460 53469 53553 53592 53702 53764 53904 53969 54030 54234 54775 54876 55022 55125 55146 55283 55287 55374 55381 55673 55941 55968 56039 56087 56094 56105 56106 56107 56198 56224 56279 56347 56393 56426 56427 56428 56451 56485 56663 56791 56940 56963 57062 57089 57141 57204 57257 57265 57446 57668 57710 57726 57728 57754 58015 58297 58316 58456 58468 58583 58692 58748 58989 59030 59250 59252 59309 59350 59404 59544 59753 59799 59805 59867 59930 59934 59941 60161 60247 60302 60507 60536 60564 60598 60645 60741 60873 60880 61155 61405 61412 61524 61541 61562 61569 61606 61764 61767 61854 61937 62071 62262 62318 62446 62793 63371 63400 63401 63607 63623 63661 63668 63707 63783 63914 63966 63984 64276 64476 64492 64502 64644 64665 64721 64959 64960 64962 64973 65178 65180 65191 65383 65384 65492 65548 65830 65851 65951 65954 65974 66719 66778 66801 67602 67697 67736 68424 68433 68473 68544 68594 68786 68838
Face Id End
0 1 0 0
Face Id Start
64 672 687 1570 2198 3636 4226 5209 5272 6038 6758 6764 6810 7471 7657 7673 7974 7984 7985 7996 7997 7998 7999 8004 8010 8011 8012 8013 8043 8280 8289 8299 8308 8310 8314 8318 8325 8330 8338 8339 8341 8356 8357 8358 8359 8362 8405 8622 8655 8664 8673 8682 8683 8684 8690 8692 8694 8695 8696 8699 8705 8715 8716 8721 8729 8743 8955 8976 8979 8984 8989 9007 9009 9022 9034 9041 9042 9050 9108 9205 9308 9310 9329 9356 9362 9365 9388 9396 9405 9421 9422 9423 9424 9432 9434 9446 9636 9677 9692 9697 9706 9715 9734 9737 9771 9773 9780 9786 10032 10063 10072 10087 10094 10105 10125 10128 10150 10151 10159 10183 10185 10186 10193 10274 10383 10444 10469 10472 10483 10495 10530 10541 10543 10580 10588 10598 10603 10637 10921 10928 10932 10938 10943 10950 10957 10964 10970 10994 11005 11102 11193 11363 11385 11394 11406 11430 11446 11460 11462 11463 11474 11477 11508 11539 11598 11783 11785 11795 11799 11818 11819 11828 11841 11846 11853 11869 11883 11955 12080 12118 12242 12255 12259 12269 12271 12299 12301 12327 12336 12360 12363 12384 12706 12715 12716 12738 12740 12743 12744 12751 12756 12763 12769 12786 12790 12810 12831 12848 13129 13135 13152 13168 13204 13244 13247 13253 13257 13261 13283 13317 13392 13600 13673 13676 13704 13718 13730 13738 13747 13778 13780 13784 14012 14210 14239 14274 14277 14281 14287 14316 14318 14333 14509 14648 14707 14731 14761 14792 14799 14805 14806 14808 14809 14811 14818 14821 14853 14876 14881 14883 14920 15286 15292 15302 15333 15379 15679 15736 15819 15820 15828 15835 15856 15867 15870 15896 16389 16401 16450 16461 16490 16696 16869 16887 16914 16930 16933 16936 16946 16972 17050 17390 17412 17427 17442 17888 17925 17963 18419 18439 18480 18484 19341 19550 19898 20265 20468 20863 20943 21421 22756 25257 27052 40031 43956 45629 50290 50483 53310 56694 60027 62719 64839
Face Id End
0 1 0 0
Face Id Start
1 3 4 6 7 8 9 11 12 13 15 17 18 19 20 22 24 26 29 32 33 34 35 36 37 38 40 41 42 43 45 46 47 48 49 50 51 52 54 55 56 57 60 65 68 69 70 75 77 79 80 82 87 88 89 90 92 93 96 99 103 105 106 109 110 111 113 117 122 124 125 127 128 131 134 136 137 138 139 140 141 149 157 158 159 160 164 168 169 170 171 172 174 175 178 183 191 213 216 221 223 224 225 239 256 274 277 278 281 286 287 306 317 320 323 332 334 335 336 337 339 342 343 345 348 350 351 353 354 357 359 365 378 396 403 405 406 414 417 433 474 477 483 534 537 540 542 545 552 600 658 677 1274 1482 1978 2106 2139 2275 2446 2479 2955 3249 3680 3792 3920 4137 4332 4663 4685 4949 5138 5147 5282 5291 5336 5338 5492 5510 5678 5754 5758 5766 5876 5973 5978 5979 5980 5988 6163 6257 6501 6502 6517 6528 6529 6532 6534 6568 6624 6744 6760 6761 6762 6766 6768 6770 6777 6783 6797 6812 7020 7033 7038 7040 7041 7050 7051 7058 7070 7074 7080 7330 7333 7343 7347 7348 7349 7352 7356 7359 7361 7363 7365 7373 7379 7385 7391 7392 7393 7396 7402 7403 7410 7546 7622 7627 7636 7637 7640 7650 7652 7675 7676 7678 7679 7684 7690 7695 7698 7700 7704 7707 7708 7709 7710 7715 7722 7726 7727 7729 7730 7833 7889 7920 7938 7945 7949 7953 7954 7959 7960 7991 7994 8006 8007 8008 8009 8017 8021 8027 8029 8032 8038 8040 8041 8042 8045 8053 8054 8057 8058 8062 8066 8089 8200 8277 8283 8287 8290 8293 8294 8315 8324 8334 8335 8342 8344 8350 8360 8361 8367 8369 8379 8380 8388 8392 8393 8396 8397 8603 8610 8617 8620 8627 8628 8632 8638 8644 8661 8679 8700 8701 8731 8734 8738 8742 8870 8915 8967 8972 8973 8987 8993 8994 8997 9001 9002 9006 9014 9018 9019 9031 9035 9040 9051 9075 9078 9079 9080 9081 9085 9088 9091 9092 9102 9104 9113 9122 9254 9305 9306 9309 9311 9312 9335 9336 9358 9359 9368 9418 9419 9420 9430 9444 9445 9503 9669 9684 9685 9689 9693 9698 9764 9772 9774 9776 9787 9830 9847 9931 10040 10059 10065 10095 10103 10121 10160 10162 10170 10178 10179 10180 10181 10188 10189 10191 10199 10204 10205 10229 10235 10449 10461 10500 10508 10524 10525 10534 10539 10551 10555 10563 10564 10565 10568 10584 10585 10593 10600 10601 10608 10610 10611 10612 10613 10614 10621 10622 10624 10628 10631 10634 10643 10741 10747 10897 10902 10903 10918 10974 10989 11009 11012 11020 11024 11029 11032 11046 11048 11049 11054 11057 11061 11063 11064 11065 11072 11074 11075 11076 11077 11083 11084 11091 11137 11197 11215 11307 11322 11369 11373 11383 11414 11428 11438 11443 11452 11454 11455 11469 11489 11502 11509 11514 11519 11525 11532 11533 11534 11535 11536 11537 11549 11550 11551 11555 11643 11674 11775 11791 11794 11814 11839 11852 11855 11878 11881 11890 11898 11900 11908 11913 11922 11937 12071 12213 12235 12272 12296 12298 12326 12330 12364 12372 12376 12383 12385 12387 12389 12495 12557 12583 12697 12721 12731 12732 12733 12735 12755 12757 12789 12791 12797 12798 12804 12817 12839 12849 12851 12858 12859 12861 12929 13165 13179 13189 13190 13194 13243 13268 13280 13299 13301 13313 13330 13339 13381 13500 13634 13666 13675 13678 13736 13749 13750 13771 13777 13803 13804 13814 13818 13833 13840 14042 14078 14115 14243 14258 14267 14302 14323 14360 14376 14377 14403 14556 14785 14796 14813 14822 14836 14838 14849 14850 14852 14858 14859 14870 14913 15172 15311 15314 15344 15363 15366 15374 15393 15730 15837 15853 15898 15918 16020 16093 16146 16307 16397 16424 16455 16465 16476 16534 16575 16671 16701 16714 16715 16740 16787 16891 16965 16973 16976 17095 17180 17218 17409 17423 17424 17428 17440 17463 17466 17474 17950 17978 17980 17981 18055 18460 18461 18491 18733 18978 19002 19796 19931 20117 20142 20149 20386 21042 21348 21420 21719 21728 21878 22219 23767 23879 24092 25467 25923 28946 29980 30768 31498 32575 36016 36433 37271 37289 39914 40197 42558 44263 46717 46954 47853 50226 50611 50811 51849 52724 57818 58470 60359 67075 67390 68181 68569 69016 69017 69018
Face Id End
0 1 0 0
Face Id Start
1 3 4 6 7 8 9 11 12 13 15 17 18 19 20 22 24 26 29 32 33 34 35 36 37 38 40 41 42 43 45 46 47 48 49 50 51 52 54 55 56 57 59 60 65 68 69 70 75 77 79 80 82 87 88 89 90 92 93 96 99 103 105 106 109 110 111 113 117 122 124 125 127 128 131 134 136 137 138 139 140 141 149 157 158 159 160 164 168 169 170 171 172 174 175 178 183 191 213 216 221 223 224 225 239 256 274 277 278 281 286 287 306 317 320 323 332 334 335 336 337 339 342 343 345 348 350 351 353 354 357 359 365 378 387 396 403 405 406 414 417 420 429 433 474 475 477 483 484 492 515 534 537 539 540 542 543 545 546 547 548 552 554 579 600 601 602 606 607 611 613 658 662 664 665 669 670 671 675 677 686 719 726 730 731 784 786 788 789 790 794 796 797 828 849 857 858 859 861 862 863 864 913 923 924 928 929 930 931 933 991 993 996 997 998 999 1006 1098 1107 1110 1111 1114 1118 1274 1482 1978 2106 2139 2275 2292 2446 2479 2955 3249 3529 3680 3792 3920 3942 4137 4226 4332 4596 4663 4685 4849 4949 5138 5147 5273 5282 5291 5336 5338 5492 5510 5678 5716 5754 5758 5766 5876 5973 5978 5979 5980 5988 6163 6257 6493 6501 6502 6517 6528 6529 6532 6534 6568 6624 6741 6742 6744 6760 6761 6762 6766 6768 6770 6777 6783 6797 6812 7014 7020 7033 7038 7040 7041 7050 7051 7058 7070 7074 7080 7275 7292 7310 7330 7333 7343 7347 7348 7349 7352 7356 7359 7361 7363 7365 7373 7379 7385 7391 7392 7393 7396 7402 7403 7410 7546 7609 7622 7627 7636 7637 7640 7650 7652 7663 7664 7669 7673 7675 7676 7678 7679 7684 7690 7695 7698 7700 7704 7707 7708 7709 7710 7712 7715 7722 7726 7727 7729 7730 7833 7889 7920 7925 7930 7931 7934 7938 7945 7949 7953 7954 7959 7960 7991 7994 8003 8006 8007 8008 8009 8017 8021 8027 8029 8032 8038 8040 8041 8042 8045 8053 8054 8057 8058 8062 8066 8089 8121 8200 8277 8283 8287 8290 8293 8294 8299 8315 8324 8334 8335 8342 8344 8350 8360 8361 8367 8369 8379 8380 8388 8392 8393 8396 8397 8598 8603 8610 8617 8620 8627 8628 8632 8638 8644 8661 8679 8682 8700 8701 8731 8734 8738 8742 8870 8915 8953 8967 8972 8973 8987 8993 8994 8997 9001 9002 9006 9014 9018 9019 9031 9035 9040 9041 9051 9075 9078 9079 9080 9081 9085 9088 9091 9092 9102 9104 9113 9122 9254 9297 9305 9306 9309 9311 9312 9335 9336 9358 9359 9368 9418 9419 9420 9430 9443 9444 9445 9503 9586 9654 9660 9665 9669 9684 9685 9689 9693 9698 9764 9772 9774 9776 9787 9830 9847 9931 10008 10040 10046 10059 10065 10095 10103 10121 10160 10162 10170 10178 10179 10180 10181 10188 10189 10191 10199 10204 10205 10229 10235 10429 10441 10449 10453 10461 10500 10508 10517 10524 10525 10534 10539 10551 10555 10563 10564 10565 10568 10584 10585 10593 10600 10601 10608 10611 10628 10634 10741 10747 10849 10880 10882 10883 10884 10887 10889 10890 10897 10902 10903 10918 10989 11009 11020 11024 11029 11046 11049 11050 11054 11061 11063 11083 11137 11164 11171 11197 11215 11295 11307 11322 11336 11337 11340 11346 11352 11369 11373 11383 11414 11428 11443 11452 11454 11455 11461 11469 11489 11502 11509 11514 11519 11525 11532 11533 11534 11643 11674 11746 11747 11772 11775 11791 11794 11814 11839 11852 11855 11878 11881 11890 11898 11900 11908 11913 11922 11937 12071 12190 12213 12216 12232 12235 12239 12272 12296 12298 12326 12330 12364 12372 12376 12383 12385 12495 12557 12583 12683 12697 12698 12699 12712 12714 12721 12725 12731 12732 12733 12735 12755 12757 12789 12791 12797 12798 12804 12817 12839 12851 12859 12861 13133 13134 13136 13149 13165 13179 13189 13190 13194 13243 13268 13280 13299 13301 13313 13330 13381 13489 13490 13500 13606 13623 13626 13634 13638 13643 13657 13666 13672 13675 13678 13720 13736 13749 13750 13771 13777 13791 13803 13804 13814 13818 13833 13840 14042 14078 14115 14156 14159 14243 14258 14267 14302 14323 14360 14377 14478 14556 14728 14737 14785 14796 14813 14822 14836 14838 14849 14850 14852 14858 14859 14870 14885 15136 15172 15243 15245 15311 15314 15320 15344 15363 15366 15374 15393 15402 15479 15587 15730 15748 15753 15837 15853 15898 15918 15956 15957 16020 16093 16146 16307 16337 16349 16359 16365 16366 16397 16424 16455 16465 16476 16477 16483 16487 16534 16575 16671 16701 16714 16715 16740 16787 16866 16890 16891 16965 16973 16976 16991 17095 17180 17218 17286 17374 17391 17423 17424 17428 17440 17463 17466 17474 17615 17856 17858 17915 17920 17929 17950 17978 17980 17981 17986 17991 18055 18194 18409 18428 18431 18460 18461 18463 18469 18491 18496 18590 18733 18874 18892 18923 18938 18954 18978 19002 19015 19024 19446 19448 19560 19603 19796 19931 20014 20023 20040 20043 20060 20093 20117 20121 20122 20131 20137 20142 20149 20386 20618 20640 20652 20655 20678 20679 20714 20717 21135 21148 21206 21208 21226 21243 21248 21249 21348 21420 21632 21639 21641 21649 21668 21670 21705 21710 21719 21722 21728 21878 22091 22098 22143 22181 22211 22219 22322 22598 22605 22614 22623 22670 22671 22673 22676 23047 23087 23094 23186 23192 23241 23444 23605 23618 23619 23625 23638 23651 23661 23767 23821 23879 24055 24064 24084 24141 24527 24556 24561 24564 24565 24570 24575 24576 24581 24584 24587 24663 24861 24965 24997 25007 25008 25021 25058 25440 25467 25472 25476 25923 25941 26007 26164 26415 26847 28946 29734 29980 30768 30787 30793 31498 32575 36016 36433 37271 37289 39914 40197 42558 43729 44263 46717 46954 47691 47853 49721 50188 50226 50611 50811 51849 52724 56354 56581 56601 57330 57818 58470 60351 60359 61603 62782 64871 65660 67075 67390 68181 68549 68569 69015 69016 69017 69018
Face Id End
0 1 0 0
Face Id Start
1 3 4 6 7 8 9 11 12 13 15 17 18 19 20 22 24 26 29 32 33 34 35 36 37 38 40 41 42 43 45 46 47 48 49 50 51 52 54 55 56 57 59 60 63 65 68 69 70 75 77 79 80 82 83 87 88 89 90 92 93 96 99 103 105 106 109 110 111 113 117 122 124 125 127 128 131 134 136 137 138 139 140 141 149 157 158 159 160 164 168 169 170 171 172 174 175 178 183 191 213 216 221 223 224 225 239 256 274 277 278 281 286 287 306 317 320 323 332 334 335 336 337 339 342 343 345 348 350 351 353 354 357 359 365 378 387 396 403 405 406 414 417 420 429 433 474 475 477 483 484 492 498 515 534 537 539 540 542 543 545 546 547 548 552 554 579 600 601 602 606 607 611 613 658 662 664 665 669 670 671 675 677 686 719 726 730 731 784 786 788 789 790 794 796 797 828 849 853 855 857 858 859 861 862 863 864 906 913 916 917 923 924 928 929 930 931 933 991 993 994 996 997 998 999 1003 1006 1007 1096 1098 1102 1106 1107 1110 1111 1112 1114 1115 1116 1117 1118 1123 1127 1128 1129 1160 1220 1228 1229 1247 1274 1298 1310 1312 1316 1326 1422 1482 1538 1735 1978 2106 2122 2139 2275 2292 2446 2479 2482 2543 2955 3084 3094 3249 3529 3635 3680 3792 3854 3920 3942 3994 4137 4161 4225 4226 4332 4414 4511 4596 4612 4632 4663 4685 4849 4859 4949 5076 5090 5094 5099 5106 5109 5138 5147 5273 5282 5291 5296 5307 5311 5313 5314 5315 5318 5336 5338 5492 5510 5524 5526 5527 5678 5716 5746 5747 5754 5758 5763 5764 5766 5876 5967 5973 5978 5979 5980 5988 5995 6096 6115 6116 6163 6223 6226 6228 6233 6236 6246 6251 6254 6257 6280 6493 6495 6496 6501 6502 6508 6515 6517 6523 6528 6529 6530 6531 6532 6534 6535 6541 6568 6624 6741 6742 6744 6748 6760 6761 6762 6765 6766 6768 6770 6777 6780 6783 6797 6806 6812 7014 7020 7029 7033 7038 7040 7041 7050 7051 7058 7059 7060 7070 7074 7080 7081 7275 7292 7310 7317 7330 7333 7343 7347 7348 7349 7352 7354 7356 7359 7361 7363 7365 7373 7379 7385 7391 7392 7393 7396 7402 7403 7410 7470 7546 7609 7613 7622 7627 7636 7637 7640 7650 7652 7656 7657 7663 7664 7669 7673 7675 7676 7678 7679 7684 7686 7690 7695 7698 7700 7704 7707 7708 7709 7710 7712 7715 7722 7726 7727 7729 7730 7772 7833 7889 7920 7925 7930 7931 7934 7938 7945 7949 7953 7954 7959 7960 7974 7984 7985 7991 7994 7996 8003 8006 8007 8008 8009 8017 8021 8027 8029 8032 8038 8040 8041 8042 8045 8053 8054 8057 8058 8062 8066 8089 8121 8200 8277 8283 8287 8290 8293 8294 8299 8313 8314 8315 8318 8324 8325 8334 8335 8338 8341 8342 8344 8350 8360 8361 8367 8369 8379 8380 8388 8392 8393 8396 8397 8598 8603 8610 8617 8620 8627 8628 8632 8638 8642 8644 8646 8661 8679 8682 8683 8692 8699 8700 8701 8731 8734 8738 8742 8870 8915 8953 8967 8972 8973 8987 8993 8994 8997 9001 9002 9006 9014 9018 9019 9031 9035 9040 9041 9042 9051 9075 9078 9079 9080 9081 9085 9088 9091 9092 9102 9104 9113 9122 9254 9297 9305 9306 9309 9311 9312 9335 9336 9358 9359 9368 9418 9419 9420 9430 9443 9444 9445 9503 9586 9654 9660 9665 9669 9684 9685 9689 9693 9698 9764 9772 9773 9774 9776 9787 9830 9847 9931 9956 10008 10040 10046 10059 10065 10095 10103 10121 10145 10150 10159 10160 10162 10170 10178 10179 10180 10181 10188 10189 10191 10199 10204 10205 10229 10235 10387 10429 10441 10449 10453 10461 10500 10508 10517 10524 10525 10534 10539 10540 10543 10544 10551 10554 10555 10563 10564 10565 10568 10584 10585 10593 10600 10601 10603 10608 10610 10611 10612 10613 10614 10621 10622 10624 10628 10631 10634 10643 10741 10747 10849 10880 10882 10883 10884 10887 10889 10890 10897 10902 10903 10918 10974 10986 10989 10994 11001 11002 11009 11012 11013 11020 11024 11029 11030 11032 11046 11048 11049 11050 11054 11056 11057 11059 11061 11063 11064 11065 11066 11068 11072 11074 11075 11076 11077 11080 11083 11084 11091 11137 11164 11171 11197 11215 11295 11307 11322 11336 11337 11340 11346 11352 11369 11373 11383 11414 11428 11438 11443 11452 11454 11455 11461 11469 11489 11502 11505 11506 11508 11509 11514 11519 11525 11526 11531 11532 11533 11534 11535 11536 11537 11549 11550 11551 11555 11643 11653 11674 11746 11747 11772 11775 11791 11794 11814 11839 11852 11855 11878 11881 11890 11898 11900 11908 11912 11913 11922 11934 11937 11939 11952 12071 12190 12213 12216 12232 12235 12239 12272 12296 12298 12326 12329 12330 12364 12372 12374 12376 12383 12385 12387 12388 12389 12399 12403 12495 12557 12583 12683 12697 12698 12699 12712 12714 12721 12725 12731 12732 12733 12735 12755 12757 12789 12791 12797 12798 12804 12817 12839 12849 12851 12858 12859 12861 12866 12868 12882 12886 12891 12929 13133 13134 13136 13149 13165 13179 13189 13190 13194 13243 13268 13280 13299 13301 13311 13313 13322 13326 13327 13330 13331 13333 13335 13336 13339 13341 13342 13361 13381 13489 13490 13500 13606 13623 13626 13634 13638 13643 13657 13666 13672 13675 13678 13720 13736 13749 13750 13771 13777 13791 13803 13804 13814 13818 13833 13840 13846 13852 13888 13906 14042 14078 14090 14115 14156 14159 14243 14258 14267 14302 14323 14360 14363 14375 14376 14377 14388 14403 14418 14420 14426 14436 14478 14509 14550 14556 14728 14737 14785 14796 14813 14822 14836 14838 14849 14850 14852 14858 14859 14870 14877 14885 14899 14913 14916 14951 14954 14963 15001 15037 15133 15136 15172 15243 15245 15311 15314 15320 15344 15363 15366 15374 15393 15402 15408 15411 15422 15430 15442 15446 15450 15459 15467 15469 15471 15474 15476 15479 15480 15484 15494 15551 15587 15730 15748 15753 15802 15837 15853 15898 15918 15945 15947 15956 15957 15958 15966 15969 15979 15980 15981 15982 15991 15999 16006 16007 16018 16020 16031 16093 16146 16307 16337 16349 16359 16365 16366 16377 16397 16424 16455 16465 16476 16477 16483 16487 16495 16511 16522 16523 16526 16534 16539 16541 16545 16547 16551 16575 16671 16701 16714 16715 16740 16746 16787 16866 16880 16890 16891 16965 16973 16976 16991 16994 17022 17033 17078 17095 17180 17218 17253 17286 17374 17391 17409 17423 17424 17428 17440 17463 17466 17474 17489 17493 17494 17525 17615 17856 17858 17915 17920 17929 17950 17978 17979 17980 17981 17986 17991 17999 18019 18037 18055 18194 18293 18409 18428 18431 18460 18461 18463 18469 18491 18496 18511 18523 18528 18590 18733 18874 18892 18923 18938 18954 18978 19002 19015 19024 19031 19049 19051 19384 19446 19448 19560 19568 19573 19574 19587 19589 19595 19598 19603 19620 19621 19659 19796 19900 19931 20014 20023 20040 20043 20060 20093 20117 20121 20122 20131 20137 20142 20144 20149 20153 20154 20162 20189 20229 20386 20618 20640 20652 20655 20678 20679 20714 20717 20728 20734 20741 20765 21025 21042 21135 21148 21206 21208 21226 21243 21245 21246 21248 21249 21259 21309 21348 21420 21632 21637 21639 21641 21649 21668 21670 21705 21710 21719 21722 21728 21729 21878 22091 22098 22143 22181 22211 22219 22222 22226 22322 22598 22605 22614 22623 22670 22671 22673 22676 22688 22691 22696 22826 22998 23047 23063 23067 23074 23085 23087 23094 23139 23180 23183 23186 23192 23240 23241 23443 23444 23553 23556 23560 23570 23595 23605 23618 23619 23625 23638 23651 23654 23661 23663 23667 23689 23767 23781 23821 23879 24055 24064 24084 24092 24105 24110 24141 24145 24150 24160 24488 24492 24496 24499 24500 24504 24527 24556 24561 24564 24565 24570 24575 24576 24581 24584 24587 24588 24589 24608 24663 24861 24936 24965 24978 24997 25007 25008 25021 25058 25059 25066 25069 25081 25186 25397 25407 25431 25440 25457 25467 25471 25472 25476 25485 25497 25509 25517 25518 25902 25909 25915 25923 25934 25935 25941 25944 25945 25958 25970 26007 26105 26164 26353 26383 26387 26390 26397 26409 26413 26415 26417 26424 26448 26847 26856 26984 27229 27650 28135 28186 28946 29082 29176 29204 29478 29734 29980 30589 30768 30787 30793 31498 32575 33604 36016 36433 37271 37289 38532 39095 39914 39958 40031 40197 42558 43729 44263 45449 46717 46954 47691 47853 49251 49721 50188 50226 50611 50811 51192 51849 52724 53310 55339 55840 56354 56581 56601 57016 57330 57818 57861 58470 60027 60351 60359 61603 62782 63751 63837 64378 64871 65660 66474 67075 67390 68181 68549 68569 69011 69013 69014 69015 69016 69017 69018
Face Id End
0 1 0 0
Face Id Start
1274 1978 2106 2275 2955 3920 4137 4332 4663 4685 5138 5282 5336 5338 5678 6163 6534 6624 6770 7020 7074 7333 7343 7347 7348 7349 7352 7356 7359 7361 7363 7365 7379 7385 7391 7392 7393 7396 7402 7403 7410 7636 7637 7650 7652 7675 7676 7678 7679 7684 7690 7695 7700 7704 7707 7708 7709 7710 7715 7722 7726 7727 7729 7730 7833 7889 7920 7938 7953 7954 7959 7960 7991 7994 8006 8007 8008 8017 8021 8027 8032 8038 8040 8041 8042 8045 8053 8054 8057 8058 8062 8066 8089 8200 8290 8294 8315 8324 8334 8335 8342 8344 8350 8360 8361 8367 8369 8379 8380 8388 8392 8393 8396 8397 8620 8627 8628 8632 8638 8644 8661 8701 8731 8734 8738 8742 8993 8997 9001 9002 9006 9014 9018 9019 9031 9035 9040 9051 9075 9078 9079 9080 9081 9085 9088 9091 9092 9102 9104 9113 9254 9309 9358 9359 9368 9418 9419 9430 9444 9445 9503 9684 9689 9693 9698 9764 9772 9774 9776 9787 9830 9847 10065 10095 10103 10121 10160 10162 10170 10178 10179 10180 10181 10188 10189 10191 10199 10204 10205 10229 10235 10500 10508 10524 10525 10534 10551 10555 10563 10564 10565 10568 10584 10593 10600 10601 10608 10611 10628 10634 10741 10903 10918 10989 11009 11020 11024 11029 11046 11049 11054 11063 11083 11197 11215 11307 11428 11443 11452 11454 11469 11489 11502 11509 11514 11532 11533 11534 11643 11674 11791 11814 11839 11852 11855 11878 11881 11890 11898 11900 11908 12071 12213 12296 12298 12326 12364 12372 12376 12495 12583 12697 12731 12789 12791 12797 12798 12804 13243 13268 13301 13330 13381 13666 13771 13777 13803 13804 14042 14302 14323 14556 14822 14836 14838 14849 14852 15172 15374 16671 16787 17095 20149 21348 25467 25923 32575 36016 37289 39914 40197 50226 58470 60359 67390
Face Id End
0 1 0 0
Face Id Start
1274 1978 2106 2275 2446 2955 3920 4137 4332 4663 4685 4949 5138 5147 5282 5291 5336 5338 5678 5876 6624 6744 6770 7020 7333 7343 7347 7348 7349 7352 7356 7359 7365 7379 7385 7391 7392 7393 7396 7402 7403 7410 7627 7636 7637 7650 7652 7675 7676 7678 7679 7684 7695 7704 7707 7709 7710 7715 7722 7726 7727 7729 7730 7833 7889 7920 7938 7953 7954 7959 7960 7991 7994 8006 8007 8008 8017 8021 8027 8032 8038 8040 8042 8045 8053 8054 8057 8058 8062 8066 8089 8200 8277 8283 8287 8290 8293 8294 8315 8324 8334 8335 8342 8344 8350 8367 8369 8379 8380 8388 8392 8393 8396 8397 8603 8610 8617 8620 8627 8628 8632 8638 8644 8661 8701 8731 8734 8738 8742 8915 8967 8972 8973 8987 8993 8994 8997 9001 9002 9006 9014 9018 9019 9031 9035 9040 9051 9079 9080 9081 9088 9091 9092 9102 9104 9113 9122 9254 9305 9306 9309 9311 9312 9335 9336 9358 9359 9368 9420 9430 9444 9445 9503 9669 9684 9685 9689 9693 9698 9764 9772 9774 9776 9787 9830 9847 10040 10059 10065 10095 10103 10121 10162 10170 10178 10179 10181 10188 10189 10191 10199 10204 10205 10229 10235 10449 10461 10500 10508 10524 10525 10534 10551 10563 10593 10600 10608 10741 10747 10897 10902 10903 10918 10989 11009 11024 11029 11049 11063 11083 11137 11197 11307 11369 11373 11383 11428 11443 11452 11454 11469 11489 11502 11532 11643 11674 11775 11791 11794 11814 11839 11852 11855 11878 11881 11890 11898 11900 12071 12213 12235 12272 12296 12298 12326 12364 12376 12495 12583 12697 12721 12731 12732 12733 12735 12755 12757 12789 12791 12797 12798 12804 12817 13165 13189 13190 13194 13243 13268 13280 13301 13330 13381 13634 13666 13675 13678 13736 13749 13750 13771 13777 13803 13804 14042 14078 14115 14243 14267 14302 14323 14556 14785 14796 14813 14822 14836 14838 14849 14850 14852 15172 15311 15314 15344 15363 15366 15374 15837 15853 15898 16020 16093 16146 16307 16397 16424 16575 16671 16701 16787 16891 16965 17095 17180 17423 17424 17428 17440 17463 17950 18460 18461 18978 19002 19796 19931 20149 21348 21420 21719 21728 22219 23879 25467 25923 32575 36016 36433 37289 39914 40197 46954 50811 60359 68569
Face Id End
0 1 0 0
Face Id Start
173 2146 2352 3601 5573 5688 6014 6230 6372 7376 9058 9403 9630 9631 10791 11612 11979 13188 13294 13701 13807 16727 18802 19544 20009 20022 20569 22897 23000 23655 24122 24276 26056 26258 26604 26759 27525 27585 28235 28782 28827 29179 29218 29233 29400 29408 29430 29437 29442 29453 29456 29461 29462 29497 29797 29915 30092 30093 30096 30102 30103 30108 30118 30128 30733 30744 30752 30763 30776 30809 30814 30832 31367 31369 31471 31476 31477 31478 31479 31484 31491 31493 31497 31507 31508 31516 31528 31531 31533 31534 31546 31547 31557 31593 31647 31868 31947 32151 32220 32237 32241 32246 32260 32263 32266 32273 32284 32290 32316 32319 32321 32325 32326 32328 32332 32335 32336 32339 32341 32345 32346 32351 32353 32364 32688 32990 33074 33081 33085 33089 33094 33098 33130 33144 33151 33152 33153 33156 33163 33167 33168 33170 33178 33185 33187 33194 33518 33880 33893 33894 33897 33898 33908 33912 33922 33929 33932 33933 33936 33940 33941 33942 33950 33954 34015 34077 34481 34517 34521 34522 34535 34543 34547 34548 34551 34568 34570 34571 34575 34579 34584 34585 34592 34593 34661 34737 34857 34936 34941 35110 35136 35140 35142 35161 35169 35170 35171 35178 35182 35184 35185 35186 35191 35193 35195 35199 35205 35218 35220 35398 35453 35535 35565 35676 35692 35694 35695 35702 35705 35707 35708 35710 35715 35716 35721 35722 35724 35732 35733 35734 35743 35744 35745 35746 35751 35752 35753 35757 35758 35759 35761 35813 35920 36012 36013 36015 36104 36179 36191 36218 36249 36253 36258 36259 36260 36261 36263 36264 36265 36266 36268 36269 36271 36272 36273 36274 36279 36280 36285 36286 36294 36297 36299 36305 36307 36308 36310 36317 36321 36322 36326 36526 36855 36890 36891 36892 36895 36896 36897 36899 36900 36902 36904 36915 36922 36923 36926 36927 36930 36935 36941 36950 36955 36960 36969 36975 36978 36979 36980 36982 36986 36987 36990 36991 36996 37416 37541 37545 37547 37548 37552 37560 37564 37565 37566 37567 37571 37575 37577 37579 37582 37583 37584 37602 37605 37606 37608 37610 37613 37616 37617 37619 37620 37623 37625 37628 37630 37637 37644 37645 37921 38045 38139 38142 38145 38146 38149 38150 38153 38156 38159 38160 38161 38164 38166 38167 38172 38174 38175 38176 38179 38181 38184 38188 38195 38196 38198 38201 38203 38211 38214 38216 38224 38225 38226 38227 38229 38230 38233 38236 38237 38263 38287 38431 38461 38597 38734 38775 38777 38780 38782 38789 38793 38796 38798 38800 38801 38809 38811 38813 38817 38822 38823 38824 38825 38826 38829 38831 38840 38843 38844 38845 38848 38851 38854 38855 38856 38857 38861 38866 38868 38869 38952 38968 38987 39199 39408 39409 39417 39421 39424 39425 39427 39431 39433 39441 39444 39450 39451 39452 39453 39455 39456 39459 39462 39463 39464 39465 39466 39467 39468 39469 39470 39477 39478 39482 39486 39487 39488 39557 39590 39600 39624 39677 39973 39974 39988 40006 40008 40011 40014 40017 40018 40020 40027 40028 40029 40032 40035 40039 40040 40043 40045 40046 40057 40061 40062 40064 40066 40069 40070 40072 40074 40075 40076 40077 40078 40079 40082 40083 40086 40087 40088 40091 40092 40093 40094 40096 40097 40119 40126 40140 40325 40362 40364 40590 40628 40630 40677 40682 40683 40684 40685 40686 40688 40694 40696 40697 40699 40702 40703 40704 40715 40716 40719 40725 40726 40728 40731 40739 40740 40744 40745 40746 40749 40750 40751 40755 40774 40775 40811 40965 41027 41255 41340 41341 41345 41346 41347 41351 41352 41353 41354 41357 41358 41359 41363 41364 41365 41367 41368 41369 41370 41372 41375 41376 41379 41381 41384 41386 41387 41389 41390 41391 41392 41394 41395 41396 41398 41399 41403 41404 41409 41410 41411 41412 41413 41416 41420 41421 41425 41426 41460 41468 41470 41485 41536 41562 41620 41632 41982 41992 41997 42010 42024 42025 42027 42028 42034 42036 42039 42040 42041 42042 42045 42049 42050 42051 42053 42054 42059 42062 42065 42067 42068 42074 42077 42079 42080 42081 42082 42083 42087 42091 42093 42095 42099 42100 42102 42103 42105 42107 42108 42109 42111 42121 42122 42123 42124 42125 42126 42128 42129 42130 42132 42133 42135 42147 42148 42179 42180 42220 42227 42234 42274 42399 42567 42675 42681 42691 42692 42693 42695 42696 42702 42703 42704 42705 42706 42708 42709 42713 42715 42716 42720 42723 42726 42727 42729 42731 42734 42738 42743 42747 42748 42753 42755 42767 42770 42771 42774 42775 42776 42779 42781 42784 42785 42786 42787 42789 42799 42862 42868 42880 42881 42908 43297 43299 43306 43316 43325 43328 43330 43332 43335 43339 43340 43341 43342 43344 43346 43349 43350 43353 43364 43366 43368 43369 43370 43372 43374 43375 43380 43381 43390 43391 43392 43393 43394 43395 43396 43398 43399 43401 43403 43404 43405 43406 43407 43411 43501 43701 43707 43832 43859 43934 43963 43965 43970 43973 43976 43977 43979 43985 43988 43990 43991 43992 43994 43996 43999 44001 44002 44005 44007 44009 44010 44011 44012 44013 44016 44021 44028 44030 44035 44040 44041 44043 44045 44046 44168 44266 44281 44282 44369 44513 44577 44584 44589 44591 44606 44611 44613 44615 44616 44617 44622 44625 44627 44629 44631 44636 44637 44640 44641 44642 44646 44648 44650 44651 44652 44653 44659 44660 44663 44664 44677 44686 44687 44707 44713 44814 44832 45041 45140 45178 45198 45209 45228 45237 45240 45245 45246 45249 45251 45255 45256 45257 45258 45260 45263 45265 45266 45269 45279 45281 45283 45284 45285 45290 45292 45295 45299 45303 45304 45309 45311 45312 45315 45321 45685 45693 45706 45876 45879 45885 45891 45894 45899 45902 45904 45907 45908 45915 45916 45917 45918 45922 45925 45926 45927 45929 45935 45978 45980 46251 46456 46584 46616 46618 46622 46623 46624 46627 46628 46630 46631 46634 46637 46640 46642 46643 46646 46647 46649 46650 46651 46656 46657 46658 46659 46663 46674 46677 46682 46684 46691 46777 47112 47132 47162 47304 47432 47532 47533 47545 47546 47547 47560 47561 47562 47563 47565 47573 47584 47587 47588 47590 47593 47596 47597 47598 47599 47609 47610 47611 47614 47745 47854 47889 47910 48045 48184 48552 48553 48557 48558 48559 48568 48570 48571 48574 48576 48578 48579 48582 48585 48588 48594 48596 48599 48601 48602 48606 48611 48612 48614 48622 48623 48660 48740 48813 48851 48855 48927 49113 49590 49593 49597 49599 49600 49603 49613 49615 49622 49625 49628 49633 49645 49936 49939 50080 50475 50621 50628 50631 50645 50651 50655 50664 50666 50667 50706 50829 51306 51481 51545 51569 51696 51697 51698 51702 51704 51706 51707 51709 51710 51714 51715 51716 51721 51725 51726 51729 51745 52171 52430 52446 52542 52591 52767 52770 52771 52775 52778 52779 52784 52787 52789 52791 52805 52815 52816 52828 52872 52897 52952 53703 53767 53789 53790 53798 53803 53805 53810 53817 53824 53851 53860 54857 54885 54887 54889 54891 54895 54896 54897 54898 54902 54908 54918 55468 55901 55906 55912 55915 55916 55921 55925 55927 55931 55936 56730 56879 56880 56885 56888 56895 56897 57875 57888 57896 57899 57907 57918 58013 58289 58849 58861 58865 58867 59439 59773 59834 59835 59840 60818 60827 60831 60925 61513 62766 62792 62888 63016 63579 64432 64509 64700 64709 64970 65034 65205 65885 65990 66136 66172 67276 67343 67700 67774 68630 68802
Face Id End
0 1 0 0
Face Id Start
2608 3106 7780 10791 13176 13741 13807 14530 18802 22897 29218 29233 31868 34481 36855 37091 37103 37619 37793 38166 38230 38288 38734 40006 40008 40014 40018 40032 40035 40140 40364 40366 40595 40677 40682 40683 40684 40685 40686 40688 40694 40696 40697 40699 40775 41340 41341 41345 41346 41351 41352 41353 41354 41357 41358 41359 41363 41364 41365 41367 41368 41369 41370 41372 41375 41376 41379 41381 41384 41386 41387 41389 41462 41485 41541 41632 41959 41982 41992 42010 42024 42025 42027 42028 42034 42036 42039 42040 42041 42042 42045 42049 42050 42051 42053 42054 42059 42062 42065 42067 42068 42074 42077 42079 42080 42081 42082 42083 42087 42091 42093 42095 42099 42100 42103 42121 42173 42179 42180 42220 42274 42399 42681 42689 42691 42692 42693 42695 42696 42702 42703 42704 42705 42706 42708 42709 42713 42715 42716 42720 42723 42726 42729 42731 42734 42738 42743 42747 42748 42753 42790 42795 42800 42861 42887 42908 43251 43288 43290 43297 43299 43300 43301 43306 43316 43325 43326 43328 43330 43332 43335 43339 43340 43341 43342 43346 43349 43350 43353 43364 43366 43368 43370 43375 43832 43887 43919 43923 43925 43926 43928 43929 43930 43931 43932 43934 43938 43939 43940 43941 43942 43943 43946 43947 43950 43951 43952 43955 43958 43963 43964 43965 43969 43970 43971 43973 43976 43977 43978 43979 43985 43988 43990 43991 43992 43994 43996 43997 43999 44001 44002 44007 44043 44168 44266 44452 44513 44571 44575 44577 44578 44579 44581 44582 44583 44584 44585 44587 44589 44590 44591 44596 44603 44606 44609 44610 44611 44613 44615 44616 44617 44622 44624 44625 44627 44629 44631 44832 44946 45154 45163 45174 45175 45176 45177 45179 45180 45181 45182 45183 45185 45186 45188 45189 45190 45191 45193 45194 45195 45197 45200 45208 45209 45210 45214 45216 45217 45218 45221 45225 45228 45229 45230 45231 45235 45239 45240 45244 45245 45246 45248 45249 45250 45251 45253 45255 45256 45257 45258 45259 45260 45264 45269 45283 45685 45693 45819 45823 45824 45827 45830 45832 45833 45834 45838 45851 45852 45859 45860 45861 45864 45866 45868 45879 45885 45887 45888 45889 45891 45894 45899 45902 45904 45908 45917 45958 45980 45987 46438 46456 46557 46559 46564 46567 46570 46575 46577 46580 46581 46582 46584 46585 46586 46588 46589 46590 46591 46592 46594 46597 46598 46599 46603 46605 46606 46609 46611 46612 46616 46617 46618 46622 46623 46624 46627 46628 46630 46631 46634 46637 46640 46642 46643 46653 46656 46739 46789 47112 47162 47432 47517 47523 47524 47526 47534 47535 47536 47537 47540 47543 47544 47545 47546 47547 47549 47553 47560 47561 47562 47563 47565 47573 47584 47588 47596 47656 47970 48045 48206 48473 48479 48488 48495 48497 48501 48503 48504 48506 48507 48509 48516 48517 48519 48521 48523 48524 48527 48532 48537 48538 48539 48540 48541 48542 48543 48544 48546 48547 48551 48552 48553 48554 48555 48557 48558 48559 48568 48570 48571 48574 48578 48579 48580 48585 49404 49447 49508 49511 49512 49514 49515 49522 49525 49529 49530 49532 49534 49535 49537 49538 49544 49553 49556 49558 49560 49561 49562 49563 49565 49566 49568 49569 49570 49571 49572 49573 49574 49576 49577 49580 49581 49582 49583 49585 49593 49594 49601 49603 49912 49936 50475 50542 50543 50544 50545 50547 50548 50549 50550 50552 50554 50557 50558 50564 50565 50567 50568 50571 50572 50575 50576 50578 50579 50580 50581 50582 50583 50584 50585 50588 50595 50596 50598 50599 50600 50603 50609 50614 50620 50623 50651 50829 51364 51486 51560 51569 51585 51588 51590 51593 51603 51605 51606 51610 51612 51613 51614 51619 51620 51621 51627 51628 51629 51630 51632 51634 51639 51642 51647 51649 51650 51657 51661 51667 51805 52171 52430 52446 52582 52583 52676 52692 52696 52705 52706 52711 52720 52725 52740 53609 53611 53612 53691 53767 54416 54540 54711 55541 55926 57515 57525 58295 59526 59773 59840 62584 64509 67774 68802
Face Id End
0 1 0 0
Face Id Start
10791 13807 36855 40006 40008 40014 40364 40366 40677 40682 40683 40684 40685 40688 40694 40699 40775 41340 41341 41345 41346 41351 41352 41353 41354 41358 41359 41363 41364 41365 41368 41369 41372 41375 41376 41387 41485 41632 41982 41992 42010 42024 42025 42027 42028 42034 42036 42039 42040 42041 42042 42045 42049 42050 42051 42053 42054 42059 42062 42065 42067 42068 42074 42077 42079 42082 42083 42399 42681 42691 42692 42693 42695 42696 42702 42703 42704 42705 42706 42708 42709 42713 42715 42716 42720 42723 42726 42729 42731 42738 42748 43299 43306 43316 43325 43326 43328 43330 43332 43335 43339 43340 43341 43342 43346 43349 43350 43353 43887 43934 43963 43965 43970 43971 43977 43979 43985 43988 43990 43991 43992 43994 44583 44584 44589 44591 44613 44616 44617 44625 45685 45693 46623 47162 50475 52171 59773 59840 64509 68802
Face Id End
0 1 0 0
Face Id Start
4432 11400 13176 13741 23585 30335 32931 37414 47617 47690 48009 49544 49553 49556 49561 49562 49568 49569 50556 50564 50565 50578 50579 50581 50584 50591 50593 50670 51309 51596 51597 51599 51608 51609 51616 51619 51620 51621 51622 51623 51624 51625 51630 51634 51635 51642 51643 51644 51645 51651 51652 51653 51654 51655 51659 51662 51663 51664 51805 52672 52673 52677 52684 52688 52690 52694 52698 52700 52701 52702 52706 52708 52717 52726 52740 52758 52759 53521 53539 53564 53566 53574 53587 53645 53648 53649 53651 53664 53668 53678 53680 53682 53684 53685 53690 53697 53698 53699 53705 53720 53734 53747 53757 54202 54619 54657 54665 54667 54690 54700 54701 54740 54742 54768 54776 54788 54796 54804 54824 55690 55691 55692 55698 55700 55701 55720 55727 55734 55749 55975 56708 56719 57232 58730 59105 59671 64161 65564
Face Id End
0 1 0 0
Face Id Start
4432 11400 13176 13741 23585 30335 32931 33669 37414 39246 46685 47549 47617 47690 48009 48524 49338 49447 49544 49553 49556 49561 49562 49568 49569 49573 49576 49581 50556 50557 50564 50565 50568 50571 50575 50578 50579 50581 50584 50590 50591 50593 50596 50597 50601 50606 50670 51309 51596 51597 51599 51606 51608 51609 51614 51616 51619 51620 51621 51622 51623 51624 51625 51629 51630 51634 51635 51642 51643 51644 51645 51651 51652 51653 51654 51655 51659 51662 51663 51664 51805 52661 52672 52673 52677 52679 52684 52688 52690 52691 52694 52698 52700 52701 52702 52706 52708 52717 52726 52740 52742 52745 52758 52759 53521 53528 53530 53539 53557 53564 53566 53574 53587 53609 53627 53645 53648 53649 53651 53655 53664 53668 53678 53680 53682 53684 53685 53690 53697 53698 53699 53705 53720 53734 53746 53747 53750 53752 53753 53754 53757 54202 54593 54619 54642 54651 54657 54660 54661 54662 54665 54667 54668 54690 54692 54700 54701 54702 54719 54721 54726 54740 54742 54743 54764 54765 54768 54776 54777 54788 54796 54804 54824 55429 55651 55662 55674 55677 55690 55691 55692 55698 55700 55701 55720 55727 55733 55734 55749 55753 55804 55815 55822 55827 55975 56708 56709 56719 56745 56814 56845 57232 57515 57701 57712 57830 57834 58310 58497 58677 58730 59105 59628 59671 60133 61747 61752 64161 65564 66499
Face Id End
0 1 0 0
Face Id Start
2608 3106 10791 14530 34481 36855 37091 37103 37793 38288 40014 40140 40364 40366 40595 40775 41340 41341 41353 41375 41462 41541 41632 41959 41982 41992 42010 42024 42025 42027 42028 42034 42036 42039 42040 42041 42042 42045 42049 42050 42051 42053 42054 42059 42065 42077 42079 42173 42220 42399 42681 42689 42691 42692 42693 42695 42696 42702 42703 42704 42705 42706 42708 42709 42713 42715 42716 42720 42723 42726 42729 42731 42738 42748 42790 42795 42861 42887 43251 43288 43290 43297 43299 43300 43301 43306 43316 43325 43326 43328 43330 43332 43335 43339 43340 43342 43349 43350 43353 43887 43919 43923 43925 43926 43928 43929 43930 43931 43932 43934 43938 43939 43940 43941 43942 43943 43946 43947 43950 43951 43952 43955 43958 43963 43964 43965 43969 43970 43971 43973 43976 43977 43978 43979 43985 43988 43991 43992 43994 43997 43999 44571 44575 44578 44579 44581 44582 44583 44584 44585 44587 44589 44590 44591 44596 44603 44609 44610 44611 44613 44615 44616 44617 44624 44625 44629 44946 45193 45194 45195 45197 45200 45208 45210 45214 45216 45217 45218 45221 45225 45228 45229 45230 45231 45235 45239 45240 45244 45245 45246 45248 45249 45250 45251 45253 45259 45264 45685 45693 45834 45851 45852 45859 45860 45861 45864 45866 45868 45885 45887 45888 45889 45894 45958 45980 45987 46456 46559 46575 46582 46585 46590 46592 46594 46597 46598 46599 46605 46606 46609 46611 46612 46616 46617 46618 46624 46627 46653 46739 47112 47162 47432 47535 47536 47540 47543 47544 47545 47549 47553 47573 47656 48045 48473 48503 48504 48517 48519 48521 48523 48543 48555 49537 49538 49560 49565 49566 49570 49572 49574 49583 49936 50475 50571 51364 51560 51613 52171 52446 54540 58295 59526 59773 64509 67774 68802
Face Id End
0 1 0 0
Face Id Start
4432 11400 13176 13741 23585 30335 32931 33669 37414 46685 47617 47690 48009 49544 49553 49556 49561 49562 49568 49569 49576 50556 50564 50565 50578 50579 50581 50584 50590 50591 50593 50597 50601 50606 50670 51309 51596 51597 51599 51608 51609 51616 51619 51620 51621 51622 51623 51624 51625 51630 51634 51635 51642 51643 51644 51645 51651 51652 51653 51654 51655 51659 51662 51663 51664 51805 52672 52673 52677 52679 52684 52688 52690 52694 52698 52700 52701 52702 52706 52708 52717 52726 52740 52742 52745 52758 52759 53521 53539 53564 53566 53574 53587 53645 53648 53649 53651 53664 53668 53678 53680 53682 53684 53685 53690 53697 53698 53699 53705 53720 53734 53746 53747 53750 53752 53753 53754 53757 54202 54619 54657 54665 54667 54690 54700 54701 54740 54742 54768 54776 54788 54796 54804 54824 55429 55690 55691 55692 55698 55700 55701 55720 55727 55734 55749 55975 56708 56719 57232 57830 57834 58730 59105 59671 60133 64161 65564
Face Id End
Texture End
