C:\Users\User\OneDrive\桌面\P3繳交\Release\Model\armadillo.obj
Texture Image Start
C:\Users\User\OneDrive\桌面\P3繳交\Release\Images\King_Koopa\龜殼小.jpg
C:\Users\User\OneDrive\桌面\P3繳交\Release\Images\King_Koopa\眼睛.png
C:\Users\User\OneDrive\桌面\P3繳交\Release\Images\King_Koopa\龜殼1.jpg
Texture Image End
Texture Image Index Record Start
1 2 0 1 2 2 2 2 2 2 2 2 0 0 0 1 2 0 0 0 0 0 0 0 0 0 0 0 0 1 2 0 1 1 2 1 1 0 1 2 1 1 1 0 2 1 1 1 1 0 0
Texture Image Index Record End
Texture Start
0 1 0 0
Face Id Start
21631
Face Id End
0 1 0 0
Face Id Start
64 1570 5272 6038 6758 6764 6810 7657 7974 7984 7985 7996 7997 7998 7999 8004 8010 8011 8012 8013 8043 8280 8289 8308 8310 8314 8318 8325 8330 8338 8339 8356 8357 8358 8359 8362 8405 8622 8655 8664 8673 8684 8690 8694 8695 8696 8699 8705 8715 8716 8721 8729 8743 8955 8976 8979 8984 8989 9007 9009 9022 9034 9050 9108 9205 9308 9310 9329 9356 9362 9365 9388 9396 9405 9422 9424 9446 9636 9677 9692 9697 9706 9715 9734 9737 9771 9780 9786 10032 10063 10072 10087 10094 10105 10125 10128 10151 10185 10186 10274 10383 10444 10469 10472 10483 10495 10530 10541 10580 10588 10921 10928 10932 10938 10943 10950 10957 10964 10970 11193 11385 11394 11406 11463 11508 11539 11598 11783 11785 11795 11799 11818 11819 11828 11841 11846 11853 11869 12080 12118 12242 12255 12259 12269 12271 12299 12301 12327 12336 12738 12740 12743 12744 12751 12756 12763 12769 12786 12790 12810 12848 13168 13204 13244 13247 13253 13257 13317 13392 13704 13718 13730 13738 13747 13780 14274 14277 14281 14287 14509 14648 14761 14792 14799 14805 14806 14808 14809 14811 14818 14821 14920 15292 15302 15333 15736 15828 15856 15867 15870 16401 16696 17050 21421 22756 43956 50290 56694 64839
Face Id End
0 1 0 0
Face Id Start
64 1570 5272 6038 6758 6764 6810 7525 7638 7657 7942 7958 7965 7974 7984 7985 7992 7996 7997 7998 7999 8004 8010 8011 8012 8013 8043 8280 8289 8308 8310 8313 8314 8318 8325 8330 8338 8339 8356 8357 8358 8359 8405 8604 8607 8611 8622 8642 8646 8655 8664 8673 8684 8690 8694 8695 8696 8705 8715 8716 8721 8729 8743 8955 8970 8971 8976 8979 8984 8989 9007 9009 9022 9034 9050 9205 9308 9310 9329 9356 9362 9365 9370 9388 9396 9405 9424 9636 9677 9688 9692 9697 9706 9715 9734 9737 9771 10032 10049 10063 10072 10087 10105 10125 10128 10151 10274 10383 10444 10468 10469 10472 10483 10495 10530 10541 10580 10588 10892 10921 10928 10932 10938 10943 10950 10957 10964 10970 11193 11363 11385 11394 11406 11508 11539 11598 11783 11785 11795 11799 11818 11819 11828 11841 11846 11853 11869 12080 12118 12242 12255 12259 12269 12271 12299 12301 12327 12706 12715 12716 12738 12740 12743 12744 12751 12756 12763 12769 12786 12790 13129 13204 13244 13247 13253 13317 13392 13673 13676 13704 13718 13730 13738 13747 14012 14210 14239 14274 14277 14281 14287 14509 14648 14761 14792 14799 14805 14806 14808 14809 14811 14818 15286 15292 15302 15333 15736 15819 15828 15867 15870 16401 17050 21421 22756 50290 56694 64839
Face Id End
0 1 0 0
Face Id Start
1274 1978 2446 2955 3920 4137 4332 4685 5282 5291 5336 5338 5678 6624 6770 7020 7333 7343 7347 7348 7349 7352 7359 7365 7379 7385 7391 7392 7393 7396 7402 7403 7410 7636 7637 7650 7652 7675 7676 7678 7679 7684 7704 7707 7709 7710 7715 7722 7726 7727 7729 7730 7833 7889 7938 7953 7954 7959 7960 7991 7994 8006 8007 8008 8017 8021 8027 8032 8045 8054 8062 8089 8200 8290 8293 8294 8324 8334 8335 8342 8344 8350 8367 8369 8380 8388 8392 8393 8396 8603 8617 8620 8627 8628 8632 8638 8644 8661 8701 8731 8915 8967 8972 8973 8987 8993 8994 8997 9001 9002 9006 9014 9018 9019 9031 9035 9040 9051 9079 9080 9081 9104 9113 9254 9309 9311 9312 9335 9336 9358 9359 9368 9503 9684 9685 9689 9693 9698 9764 9772 9774 9776 9830 10040 10059 10065 10095 10103 10121 10170 10178 10189 10461 10500 10508 10524 10525 10534 10551 10563 10741 10902 10903 10918 11009 11049 11083 11137 11307 11373 11428 11443 11452 11643 11674 11791 11794 11814 11839 11852 11855 12071 12213 12272 12296 12298 12495 12583 12731 12735 12789 13189 14042 14556 14852 15172 16787 20149 21348 25467 25923 32575 36016 37289 39914 40197 50811
Face Id End
0 1 0 0
Face Id Start
249 614 968 972 976 986 987 1036 1040 1041 1043 1044 1048 1054 1057 1063 1064 1065 1066 1067 1068 1072 1073 1076 1080 1083 1109 1146 1152 1159 1163 1164 1165 1169 1170 1171 1174 1177 1178 1182 1186 1187 1188 1191 1192 1194 1195 1196 1205 1271 1282 1287 1311 1372 1377 1378 1388 1392 1401 1403 1503 1505 1507 1512 1515 1517 1521 1523 1592 1610 1611 1620 1622 1623 1737 1741 1745 1746 1750 1752 1819 1828 1835 1845 1849 1851 1854 1921 1922 1962 1972 1983 1991 1993 1995 1996 1997 1999 2003 2004 2015 2133 2137 2138 2141 2143 2157 2158 2161 2167 2174 2177 2296 2315 2316 2325 2326 2341 2471 2485 2486 2487 2549 2593 2624 2631 2633 2637 2796 2815 2825 2828 2835 2850 2851 2852 2853 2856 2865 3034 3036 3039 3231 3235 3238 3239 3248 3262 3426 3431 3454 3623 3627 3629 3641 3645 3650 3827 3832 4001 4012 4017 4020 4025 4026 4127 4201 4211 4374 4396 4420 4422 4429 4507 4749 4931 5130 5404 6729 6841 7626 8198 8547 8621 8939 13647 19716 20047 24463 24595 25143 27305 31313 31532 33510 33715 33800 44057 46390 47764 48563 51012 54255 56594 58696 66656
Face Id End
0 1 0 0
Face Id Start
340 2103 4797 5639 10642 15502 15839 16497 17152 18076 18148 18527 18545 18547 19037 19052 19053 19060 19061 19062 19063 19064 19065 19066 19067 19075 19077 19079 19081 19089 19105 19106 19109 19112 19340 19592 19602 19610 19614 19622 19623 19634 19637 19638 19644 19648 19649 19650 19651 19652 19654 19663 19671 19681 20178 20197 20200 20212 20214 20230 20256 20758 20760 20774 20777 20779 20786 20787 20789 20792 20794 20800 20803 20815 20816 20817 20819 20872 21282 21310 21311 21312 21318 21330 21353 21358 21368 21772 21773 21774 21778 21782 21791 21792 21793 21794 21796 21803 21808 21833 22019 22030 22176 22282 22286 22290 22296 22304 22306 22310 22354 22741 22758 22762 22771 22774 22779 22780 22787 23225 23232 23233 23234 23235 23236 23244 23257 23259 23263 23266 23599 23708 23721 23722 23724 23725 23734 23739 24167 24171 24174 24177 24178 24181 24182 24522 24656 24664 24671 24674 24675 24682 24686 24938 25113 25114 25117 25118 25125 25126 25127 25129 25130 25172 25557 25558 25559 25560 25562 25567 25574 25575 25576 25577 25578 25582 25584 25592 25704 25991 26021 26033 26130 26145 26467 26472 26474 26476 26478 26481 26482 26489 26493 26494 26497 26504 26590 26905 26906 26910 26912 26920 26923 26924 27289 27290 27294 27373 27671 27712 27740 27751 27754 28069 28175 28188 28190 28193 28206 28366 28626 28754 28766 28778 29361 29366 30731 31309 32707 35102 35907 39821 44441 50639 54222 57869 57870 61223
Face Id End
0 1 0 0
Face Id Start
227 279 328 490 491 544 692 722 749 750 779 787 895 898 982 1058 1077 1088 1097 1227 1234 1240 1383 1409 1426 1540 1569 1581 1682 1695 1823 1980 2012 3232 3345 3530 3683 3767 3801 3905 3907 3957 4031 4062 4068 4080 4085 4090 4131 4141 4173 4190 4234 4271 4288 4292 4312 4315 4319 4328 4331 4337 4371 4444 4448 4487 4534 4555 4606 4729 4893 4933 4987 5059 5089 5150 5187 5308 5331 5397 5430 5432 5628 5696 5817 5992 6148 6215 6224 6428 6432 6507 6513 6784 6801 6865 6884 7005 7065 7148 7159 7181 7299 7309 7351 7395 7412 7433 7444 7463 7531 7562 7579 7628 7666 7687 7736 7738 7744 7759 7865 7880 7926 7936 8074 8142 8188 8196 8197 8232 8261 8292 8377 8469 8606 8629 8755 8787 8805 9105 9125 9233 9245 9258 9634 9777 10052 10096 10157 10168 10171 10283 10334 10462 10484 10506 10561 10577 10587 10606 10734 10809 10873 10933 10945 10990 11103 11129 11259 11393 11458 11493 11520 11521 11705 11776 11815 11854 12034 12043 12049 12067 12126 12236 12589 12670 12814 12977 13030 13051 13092 13186 13246 13319 13356 13438 13476 13488 13546 13590 13591 13594 13602 13607 13610 13656 13662 13687 13733 13772 13782 13806 13866 13887 13898 13902 13940 13958 13996 14024 14047 14053 14060 14064 14084 14108 14110 14114 14133 14152 14153 14200 14244 14249 14250 14272 14276 14280 14285 14309 14350 14364 14365 14380 14383 14398 14439 14462 14483 14501 14507 14511 14513 14541 14552 14563 14586 14589 14595 14601 14639 14653 14685 14692 14766 14797 14812 14842 14997 15054 15055 15090 15124 15156 15174 15184 15277 15486 15553 15614 15631 15663 15705 15774 15815 15850 15944 15998 16004 16008 16028 16048 16064 16084 16086 16133 16156 16165 16175 16176 16188 16197 16213 16214 16217 16220 16228 16248 16283 16296 16321 16358 16393 16394 16443 16452 16453 16458 16471 16475 16481 16482 16505 16512 16544 16569 16580 16607 16611 16613 16615 16665 16687 16694 16702 16747 16805 16817 16826 16848 16854 16902 16924 16939 16940 16970 16981 17016 17031 17057 17069 17080 17088 17097 17112 17119 17120 17127 17130 17138 17144 17156 17168 17172 17205 17209 17214 17252 17264 17268 17270 17283 17297 17319 17327 17383 17477 17491 17560 17571 17630 17671 17731 17739 17759 17760 18074 18156 18187 18210 18324 18514 18604 18605 18715 18790 18838 18844 18903 19116 19197 19213 19244 19245 19259 19269 19275 19300 19339 19342 19350 19351 19432 19463 19528 19546 19571 19576 19692 19696 19722 19743 19747 19763 19784 19813 19818 19822 19860 19888 19892 19915 19920 19921 19932 19934 19935 19945 20004 20068 20090 20099 20114 20188 20220 20257 20260 20267 20285 20287 20291 20292 20294 20296 20297 20306 20321 20323 20334 20335 20340 20371 20394 20398 20402 20404 20441 20536 20547 20556 20557 20564 20579 20603 20608 20646 20647 20725 20732 20737 20788 20812 20830 20851 20896 20913 20921 20929 20952 20976 20980 20987 21029 21059 21089 21261 21284 21422 21531 21652 21658 21709 21798 21810 21868 21925 21932 21969 22081 22234 22252 22374 22381 22390 22514 22542 22632 22641 22646 22649 22678 22703 22704 22705 22737 22743 22763 22768 22772 22775 22815 22840 22852 22874 22881 22911 22947 22971 22982 22994 23007 23008 23057 23065 23082 23095 23099 23114 23132 23156 23170 23171 23239 23253 23297 23299 23315 23338 23347 23356 23428 23431 23437 23442 23454 23465 23491 23504 23555 23571 23578 23612 23617 23670 23678 23759 23775 23792 23808 23818 23898 23988 24061 24073 24158 24159 24299 24379 24610 24614 24996 25075 25159 25200 25255 25256 25259 25413 25529 25561 25587 25744 25745 25747 25751 25777 25790 25819 25824 25828 25856 25857 25876 25901 25903 25938 25942 26008 26031 26044 26107 26108 26111 26112 26113 26120 26134 26136 26141 26153 26154 26172 26215 26233 26234 26235 26285 26289 26304 26317 26321 26369 26392 26395 26403 26442 26443 26453 26457 26462 26471 26479 26485 26487 26512 26519 26526 26547 26548 26562 26612 26628 26682 26694 26702 26704 26768 26782 26796 26809 26814 26819 26826 26838 26860 26862 26888 26890 26921 26959 26978 26986 26990 26991 27015 27016 27071 27102 27107 27119 27236 27362 27378 27379 27406 27415 27451 27452 27456 27540 27586 27680 27719 27934 27939 27945 27955 28011 28128 28137 28216 28245 28312 28375 28406 28426 28427 28434 28455 28513 28673 28774 28776 28901 28925 28926 28931 28971 28995 29005 29049 29067 29069 29072 29089 29099 29119 29132 29266 29285 29308 29328 29370 29372 29395 29417 29418 29526 29575 29597 29602 29631 29648 29657 29678 29705 29711 29779 29780 29896 29907 29908 29936 29947 29962 29968 29992 29993 30001 30004 30024 30078 30079 30089 30158 30230 30254 30526 30595 30602 30606 30610 30725 30789 30805 30817 30818 30827 30833 30856 30860 30866 30869 30876 30894 30921 30928 30989 30990 31066 31074 31118 31314 31466 31537 31558 31609 31634 31646 31720 31768 31814 31847 31854 31950 31973 32056 32061 32116 32144 32145 32169 32238 32252 32254 32255 32265 32270 32287 32333 32347 32348 32356 32360 32362 32392 32414 32498 32523 32559 32594 32647 32730 32892 32994 33028 33082 33134 33177 33369 33441 33499 33638 33694 33739 33759 33937 33969 34085 34089 34112 34113 34174 34422 34556 34574 34597 34618 34634 34767 34774 34851 34924 34994 35009 35023 35028 35049 35056 35063 35106 35143 35179 35204 35207 35209 35217 35219 35221 35227 35229 35264 35270 35279 35356 35420 35482 35485 35491 35492 35516 35548 35568 35593 35628 35648 35649 35664 35668 35671 35688 35704 35719 35726 35729 35738 35754 35770 35783 35788 35792 35793 35858 35861 36002 36043 36086 36091 36154 36176 36184 36185 36203 36241 36288 36289 36295 36337 36362 36366 36367 36384 36421 36441 36461 36464 36716 36946 36992 36998 37006 37023 37032 37037 37211 37218 37350 37523 37690 37746 37790 37832 38079 38102 38137 38197 38207 38215 38248 38249 38250 38273 38309 38366 38375 38380 38455 38477 38480 38487 38492 38504 38510 38552 38565 38601 38653 38679 38686 38716 38724 38744 38785 38790 38808 38810 38818 38834 38853 38896 38900 38905 38924 38938 38954 38957 39007 39008 39012 39033 39045 39052 39054 39055 39085 39118 39180 39188 39205 39228 39310 39315 39365 39383 39432 39605 39626 39633 39654 39695 39714 39715 39734 39807 39870 39959 39968 39994 40021 40130 40218 40231 40254 40642 40724 40738 40753 40754 40868 40883 40884 40886 40902 40996 40997 41046 41106 41117 41186 41366 41429 41432 41433 41503 41538 41621 41654 41672 41690 41704 41708 41726 41741 41773 41804 41878 41884 41905 42092 42094 42096 42104 42117 42142 42151 42158 42186 42202 42210 42263 42337 42392 42417 42528 42614 42687 42736 42780 42788 42810 42954 42959 42977 42982 42987 42996 43000 43006 43014 43110 43459 43541 43581 43643 43723 43750 43814 43828 43851 43914 44027 44072 44081 44102 44121 44138 44338 44354 44430 44465 44466 44516 44517 44569 44644 44645 44685 44722 44747 44753 44978 45023 45064 45073 45077 45105 45109 45115 45118 45141 45173 45233 45234 45291 45319 45320 45332 45360 45400 45407 45446 45598 45665 45688 45844 45928 46031 46050 46055 46064 46141 46351 46431 46615 46655 46737 46755 46811 46858 46859 47142 47541 47625 47627 47669 47712 47749 47756 47827 47938 47949 48010 48014 48366 48434 48457 48489 48500 48562 48577 48587 48626 48633 48705 48739 48765 48766 48782 48790 48860 48914 48951 48997 49005 49030 49053 49172 49224 49376 49380 49391 49400 49413 49620 49728 49832 49833 49860 49906 49954 49978 50027 50634 50665 50679 50787 50872 50903 50986 50990 50993 51031 51270 51363 51381 51568 51611 51638 51685 51699 51791 51870 51942 51944 51955 51956 52018 52064 52074 52075 52148 52154 52163 52194 52206 52243 52292 52320 52359 52370 52382 52410 52420 52441 52445 52464 52498 52503 52539 52576 52650 52674 52685 52773 52780 52800 52801 52970 52975 52991 53105 53106 53158 53314 53388 53390 53460 53469 53553 53592 53693 53702 53764 53809 53904 53969 54030 54234 54388 54428 54454 54538 54775 54795 54876 54991 55022 55085 55125 55130 55146 55159 55283 55287 55299 55374 55381 55530 55537 55617 55673 55711 55849 55941 55968 56039 56087 56094 56105 56106 56107 56155 56198 56211 56224 56279 56347 56393 56426 56427 56428 56451 56485 56662 56663 56791 56908 56940 56963 57062 57089 57141 57204 57257 57265 57416 57446 57567 57668 57710 57726 57728 57754 57788 58015 58088 58250 58297 58316 58456 58468 58583 58600 58687 58692 58701 58748 58821 58989 59011 59030 59250 59252 59309 59350 59404 59524 59544 59546 59676 59753 59799 59805 59867 59930 59934 59941 60161 60247 60302 60507 60536 60540 60564 60598 60645 60687 60713 60741 60778 60787 60848 60853 60873 60880 61086 61092 61155 61405 61412 61524 61541 61562 61569 61606 61662 61670 61738 61739 61764 61767 61822 61854 61937 61939 61955 62063 62071 62262 62318 62446 62661 62793 62808 62826 63171 63371 63399 63400 63401 63607 63623 63661 63668 63707 63783 63914 63966 63984 64276 64436 64476 64492 64502 64644 64665 64721 64805 64915 64959 64960 64962 64973 65178 65180 65191 65383 65384 65492 65514 65548 65830 65851 65891 65901 65916 65917 65951 65954 65974 66004 66029 66062 66161 66164 66345 66470 66719 66778 66801 66809 67061 67369 67456 67602 67697 67736 67777 68161 68374 68424 68433 68473 68522 68544 68594 68786 68838
Face Id End
Texture End
